%HEADER
Output file created by FEMEP (version April/2023).
'File created by FEMEP program'

%HEADER.ANALYSIS
'plane_stress ISOPARAMETRIC'

%NODE
285

%NODE.COORD
285
1   -2.000000 0.000000 0.000000
2   -2.000000 1.000000 0.000000
3   -2.000000 2.000000 0.000000
4   -3.000000 0.000000 0.000000
5   -3.000000 1.500000 0.000000
6   -3.000000 3.000000 0.000000
7   -4.000000 0.000000 0.000000
8   -4.000000 2.000000 0.000000
9   -4.000000 4.000000 0.000000
10   -2.000000 0.500000 0.000000
11   -2.500000 1.250000 0.000000
12   -3.000000 0.750000 0.000000
13   -2.500000 0.000000 0.000000
14   -2.000000 1.500000 0.000000
15   -2.500000 2.500000 0.000000
16   -3.000000 2.250000 0.000000
17   -3.500000 1.750000 0.000000
18   -4.000000 1.000000 0.000000
19   -3.500000 0.000000 0.000000
20   -3.500000 3.500000 0.000000
21   -4.000000 3.000000 0.000000
22   -1.000000 2.000000 0.000000
23   0.000000 2.000000 0.000000
24   -1.500000 3.000000 0.000000
25   0.000000 3.000000 0.000000
26   -2.000000 4.000000 0.000000
27   0.000000 4.000000 0.000000
28   -1.500000 2.000000 0.000000
29   -1.250000 2.500000 0.000000
30   -2.250000 3.000000 0.000000
31   -0.500000 2.000000 0.000000
32   0.000000 2.500000 0.000000
33   -0.750000 3.000000 0.000000
34   -1.750000 3.500000 0.000000
35   -3.000000 4.000000 0.000000
36   0.000000 3.500000 0.000000
37   -1.000000 4.000000 0.000000
38   -1.664709 0.672069 0.000000
39   -1.673471 0.817086 0.000000
40   -1.659040 0.948601 0.000000
41   -1.722247 0.608536 0.000000
42   -1.756603 0.864388 0.000000
43   -1.712207 1.075394 0.000000
44   -1.816826 0.448458 0.000000
45   -1.855073 0.919542 0.000000
46   -1.802378 1.338833 0.000000
47   -1.750000 0.000000 0.000000
48   -1.500000 0.000000 0.000000
49   -1.250000 0.000000 0.000000
50   -1.000000 0.000000 0.000000
51   -1.658315 0.265205 0.000000
52   -1.449615 0.180916 0.000000
53   -1.223697 0.132396 0.000000
54   -0.995346 0.096365 0.000000
55   -1.594130 0.445305 0.000000
56   -1.408451 0.338080 0.000000
57   -1.196579 0.259837 0.000000
58   -0.981156 0.193216 0.000000
59   -1.555376 0.585302 0.000000
60   -1.377293 0.483612 0.000000
61   -1.170083 0.384746 0.000000
62   -0.957288 0.289137 0.000000
63   -0.923880 0.382683 0.000000
64   -0.881355 0.472454 0.000000
65   -1.144088 0.511051 0.000000
66   -1.118019 0.638396 0.000000
67   -1.358819 0.635487 0.000000
68   -1.346403 0.791383 0.000000
69   -1.543668 0.742173 0.000000
70   -1.541366 0.904940 0.000000
71   -0.830406 0.557158 0.000000
72   -0.771956 0.635675 0.000000
73   -0.707107 0.707107 0.000000
74   -1.090145 0.765348 0.000000
75   -1.060989 0.895673 0.000000
76   -1.030330 1.030330 0.000000
77   -1.342811 0.954315 0.000000
78   -1.344157 1.137317 0.000000
79   -1.353553 1.353553 0.000000
80   -1.561485 1.078913 0.000000
81   -1.604508 1.319804 0.000000
82   -1.676777 1.676777 0.000000
83   -1.669090 0.744578 0.000000
84   -1.715037 0.840737 0.000000
85   -1.739425 0.736462 0.000000
86   -1.693478 0.640303 0.000000
87   -1.666256 0.882844 0.000000
88   -1.685624 1.011998 0.000000
89   -1.734405 0.969891 0.000000
90   -1.805838 0.891965 0.000000
91   -1.835950 0.684000 0.000000
92   -1.769536 0.528497 0.000000
93   -1.757293 1.207114 0.000000
94   -1.828726 1.129188 0.000000
95   -1.927537 0.959771 0.000000
96   -1.908413 0.224229 0.000000
97   -1.901189 1.669417 0.000000
98   -1.875000 0.000000 0.000000
99   -1.704157 0.132602 0.000000
100   -1.737570 0.356831 0.000000
101   -1.625000 0.000000 0.000000
102   -1.474807 0.090458 0.000000
103   -1.553965 0.223060 0.000000
104   -1.375000 0.000000 0.000000
105   -1.236848 0.066198 0.000000
106   -1.336656 0.156656 0.000000
107   -1.125000 0.000000 0.000000
108   -0.998846 0.048036 0.000000
109   -1.109522 0.114381 0.000000
110   -1.626222 0.355255 0.000000
111   -1.658188 0.526921 0.000000
112   -1.429033 0.259498 0.000000
113   -1.501291 0.391693 0.000000
114   -1.210138 0.196117 0.000000
115   -1.302515 0.298959 0.000000
116   -0.989458 0.144817 0.000000
117   -1.088868 0.226526 0.000000
118   -1.574753 0.515303 0.000000
119   -1.610043 0.628685 0.000000
120   -1.392872 0.410846 0.000000
121   -1.466335 0.534457 0.000000
122   -1.183331 0.322292 0.000000
123   -1.273688 0.434179 0.000000
124   -0.970430 0.241383 0.000000
125   -1.063685 0.336941 0.000000
126   -0.941756 0.336296 0.000000
127   -1.033984 0.446867 0.000000
128   -1.157086 0.447898 0.000000
129   -0.903720 0.428125 0.000000
130   -0.999687 0.555425 0.000000
131   -1.131054 0.574723 0.000000
132   -1.251454 0.573269 0.000000
133   -1.368056 0.559549 0.000000
134   -1.232211 0.714889 0.000000
135   -1.352611 0.713435 0.000000
136   -1.451244 0.688830 0.000000
137   -1.549522 0.663738 0.000000
138   -1.443884 0.848161 0.000000
139   -1.542517 0.823557 0.000000
140   -1.608570 0.779630 0.000000
141   -1.600203 0.926771 0.000000
142   -0.856881 0.515514 0.000000
143   -0.960276 0.661253 0.000000
144   -1.104082 0.701872 0.000000
145   -0.802054 0.597252 0.000000
146   -0.916473 0.765674 0.000000
147   -1.075567 0.830511 0.000000
148   -0.740257 0.672324 0.000000
149   -0.868718 0.868718 0.000000
150   -1.045659 0.963002 0.000000
151   -1.216478 0.859832 0.000000
152   -1.344607 0.872849 0.000000
153   -1.202573 1.016495 0.000000
154   -1.343484 1.045816 0.000000
155   -1.191942 1.191942 0.000000
156   -1.348855 1.245435 0.000000
157   -1.452148 1.016614 0.000000
158   -1.551426 0.991926 0.000000
159   -1.474333 1.228560 0.000000
160   -1.582997 1.199358 0.000000
161   -1.515165 1.515165 0.000000
162   -1.640642 1.498290 0.000000
163   -1.636846 1.077153 0.000000
164   -1.703443 1.329319 0.000000
165   -1.838388 1.838388 0.000000
166   -0.948601 1.659040 0.000000
167   -0.817086 1.673471 0.000000
168   -0.672069 1.664709 0.000000
169   -1.075394 1.712207 0.000000
170   -0.864388 1.756603 0.000000
171   -0.608536 1.722247 0.000000
172   -1.338833 1.802378 0.000000
173   -0.919542 1.855073 0.000000
174   -0.448458 1.816826 0.000000
175   -1.319804 1.604508 0.000000
176   -1.137317 1.344157 0.000000
177   -0.895673 1.060989 0.000000
178   -0.635675 0.771956 0.000000
179   -1.078913 1.561485 0.000000
180   -0.954315 1.342811 0.000000
181   -0.765348 1.090145 0.000000
182   -0.557158 0.830406 0.000000
183   -0.904940 1.541366 0.000000
184   -0.791383 1.346403 0.000000
185   -0.638396 1.118019 0.000000
186   -0.472454 0.881355 0.000000
187   -0.382683 0.923880 0.000000
188   -0.289137 0.957288 0.000000
189   -0.511051 1.144088 0.000000
190   -0.384746 1.170083 0.000000
191   -0.635487 1.358819 0.000000
192   -0.483612 1.377293 0.000000
193   -0.742173 1.543668 0.000000
194   -0.585302 1.555376 0.000000
195   -0.193216 0.981156 0.000000
196   -0.096365 0.995346 0.000000
197   0.000000 1.000000 0.000000
198   -0.259837 1.196579 0.000000
199   -0.132396 1.223697 0.000000
200   0.000000 1.250000 0.000000
201   -0.338080 1.408451 0.000000
202   -0.180916 1.449615 0.000000
203   0.000000 1.500000 0.000000
204   -0.445305 1.594130 0.000000
205   -0.265205 1.658315 0.000000
206   0.000000 1.750000 0.000000
207   -0.882844 1.666256 0.000000
208   -0.840737 1.715037 0.000000
209   -0.969891 1.734405 0.000000
210   -1.011998 1.685624 0.000000
211   -0.744578 1.669090 0.000000
212   -0.640303 1.693478 0.000000
213   -0.736462 1.739425 0.000000
214   -0.891965 1.805838 0.000000
215   -1.129188 1.828726 0.000000
216   -1.207114 1.757293 0.000000
217   -0.528497 1.769536 0.000000
218   -0.684000 1.835950 0.000000
219   -0.959771 1.927537 0.000000
220   -1.669417 1.901189 0.000000
221   -0.224229 1.908413 0.000000
222   -1.498290 1.640642 0.000000
223   -1.329319 1.703443 0.000000
224   -1.245435 1.348855 0.000000
225   -1.228560 1.474333 0.000000
226   -0.963002 1.045659 0.000000
227   -1.016495 1.202573 0.000000
228   -0.672324 0.740257 0.000000
229   -0.765674 0.916473 0.000000
230   -1.199358 1.582997 0.000000
231   -1.077153 1.636846 0.000000
232   -1.045816 1.343484 0.000000
233   -1.016614 1.452148 0.000000
234   -0.830511 1.075567 0.000000
235   -0.859832 1.216478 0.000000
236   -0.597252 0.802054 0.000000
237   -0.661253 0.960276 0.000000
238   -0.991926 1.551426 0.000000
239   -0.926771 1.600203 0.000000
240   -0.872849 1.344607 0.000000
241   -0.848161 1.443884 0.000000
242   -0.701872 1.104082 0.000000
243   -0.714889 1.232211 0.000000
244   -0.515514 0.856881 0.000000
245   -0.555425 0.999687 0.000000
246   -0.428125 0.903720 0.000000
247   -0.446867 1.033984 0.000000
248   -0.574723 1.131054 0.000000
249   -0.336296 0.941756 0.000000
250   -0.336941 1.063685 0.000000
251   -0.447898 1.157086 0.000000
252   -0.573269 1.251454 0.000000
253   -0.713435 1.352611 0.000000
254   -0.434179 1.273688 0.000000
255   -0.559549 1.368056 0.000000
256   -0.688830 1.451244 0.000000
257   -0.823557 1.542517 0.000000
258   -0.534457 1.466335 0.000000
259   -0.663738 1.549522 0.000000
260   -0.779630 1.608570 0.000000
261   -0.628685 1.610043 0.000000
262   -0.241383 0.970430 0.000000
263   -0.226526 1.088868 0.000000
264   -0.322292 1.183331 0.000000
265   -0.144817 0.989458 0.000000
266   -0.114381 1.109522 0.000000
267   -0.196117 1.210138 0.000000
268   -0.048036 0.998846 0.000000
269   0.000000 1.125000 0.000000
270   -0.066198 1.236848 0.000000
271   -0.298959 1.302515 0.000000
272   -0.410846 1.392872 0.000000
273   -0.156656 1.336656 0.000000
274   -0.259498 1.429033 0.000000
275   0.000000 1.375000 0.000000
276   -0.090458 1.474807 0.000000
277   -0.391693 1.501291 0.000000
278   -0.515303 1.574753 0.000000
279   -0.223060 1.553965 0.000000
280   -0.355255 1.626222 0.000000
281   0.000000 1.625000 0.000000
282   -0.132602 1.704157 0.000000
283   -0.526921 1.658188 0.000000
284   -0.356831 1.737570 0.000000
285   0.000000 1.875000 0.000000

%NODE.SUPPORT
26
1   0 1 0 0 0 0
4   0 1 0 0 0 0
7   0 1 0 0 0 0
13   0 1 0 0 0 0
19   0 1 0 0 0 0
23   1 0 0 0 0 0
25   1 0 0 0 0 0
27   1 0 0 0 0 0
32   1 0 0 0 0 0
36   1 0 0 0 0 0
47   0 1 0 0 0 0
48   0 1 0 0 0 0
49   0 1 0 0 0 0
50   0 1 0 0 0 0
98   0 1 0 0 0 0
101   0 1 0 0 0 0
104   0 1 0 0 0 0
107   0 1 0 0 0 0
197   1 0 0 0 0 0
200   1 0 0 0 0 0
203   1 0 0 0 0 0
206   1 0 0 0 0 0
269   1 0 0 0 0 0
275   1 0 0 0 0 0
281   1 0 0 0 0 0
285   1 0 0 0 0 0

%MATERIAL
1

%MATERIAL.ISOTROPIC
1
1   10000.0 0.250000

%THICKNESS
1
1   1.000000

%INTEGRATION.ORDER
4
1 1 1 1 1 1 1
2 3 3 1 3 3 1
3 1 1 1 1 1 1
4 3 3 1 3 3 1

%ELEMENT
84

%ELEMENT.Q8
84
1   1 1 4 1 10 2 11 5 12 4 13
2   1 1 4 2 14 3 15 6 16 5 11
3   1 1 4 4 12 5 17 8 18 7 19
4   1 1 4 5 16 6 20 9 21 8 17
5   1 1 4 3 28 22 29 24 30 6 15
6   1 1 4 22 31 23 32 25 33 24 29
7   1 1 4 6 30 24 34 26 35 9 20
8   1 1 4 24 33 25 36 27 37 26 34
9   1 1 4 38 83 39 84 42 85 41 86
10   1 1 4 39 87 40 88 43 89 42 84
11   1 1 4 41 85 42 90 45 91 44 92
12   1 1 4 42 89 43 93 46 94 45 90
13   1 1 4 44 91 45 95 2 10 1 96
14   1 1 4 45 94 46 97 3 14 2 95
15   1 1 4 1 98 47 99 51 100 44 96
16   1 1 4 47 101 48 102 52 103 51 99
17   1 1 4 48 104 49 105 53 106 52 102
18   1 1 4 49 107 50 108 54 109 53 105
19   1 1 4 44 100 51 110 55 111 41 92
20   1 1 4 51 103 52 112 56 113 55 110
21   1 1 4 52 106 53 114 57 115 56 112
22   1 1 4 53 109 54 116 58 117 57 114
23   1 1 4 41 111 55 118 59 119 38 86
24   1 1 4 55 113 56 120 60 121 59 118
25   1 1 4 56 115 57 122 61 123 60 120
26   1 1 4 57 117 58 124 62 125 61 122
27   1 1 4 62 126 63 127 65 128 61 125
28   1 1 4 63 129 64 130 66 131 65 127
29   1 1 4 61 128 65 132 67 133 60 123
30   1 1 4 65 131 66 134 68 135 67 132
31   1 1 4 60 133 67 136 69 137 59 121
32   1 1 4 67 135 68 138 70 139 69 136
33   1 1 4 59 137 69 140 39 83 38 119
34   1 1 4 69 139 70 141 40 87 39 140
35   1 1 4 64 142 71 143 74 144 66 130
36   1 1 4 71 145 72 146 75 147 74 143
37   1 1 4 72 148 73 149 76 150 75 146
38   1 1 4 66 144 74 151 77 152 68 134
39   1 1 4 74 147 75 153 78 154 77 151
40   1 1 4 75 150 76 155 79 156 78 153
41   1 1 4 68 152 77 157 80 158 70 138
42   1 1 4 77 154 78 159 81 160 80 157
43   1 1 4 78 156 79 161 82 162 81 159
44   1 1 4 70 158 80 163 43 88 40 141
45   1 1 4 80 160 81 164 46 93 43 163
46   1 1 4 81 162 82 165 3 97 46 164
47   1 1 4 166 207 167 208 170 209 169 210
48   1 1 4 167 211 168 212 171 213 170 208
49   1 1 4 169 209 170 214 173 215 172 216
50   1 1 4 170 213 171 217 174 218 173 214
51   1 1 4 172 215 173 219 22 28 3 220
52   1 1 4 173 218 174 221 23 31 22 219
53   1 1 4 3 165 82 222 175 223 172 220
54   1 1 4 82 161 79 224 176 225 175 222
55   1 1 4 79 155 76 226 177 227 176 224
56   1 1 4 76 149 73 228 178 229 177 226
57   1 1 4 172 223 175 230 179 231 169 216
58   1 1 4 175 225 176 232 180 233 179 230
59   1 1 4 176 227 177 234 181 235 180 232
60   1 1 4 177 229 178 236 182 237 181 234
61   1 1 4 169 231 179 238 183 239 166 210
62   1 1 4 179 233 180 240 184 241 183 238
63   1 1 4 180 235 181 242 185 243 184 240
64   1 1 4 181 237 182 244 186 245 185 242
65   1 1 4 186 246 187 247 189 248 185 245
66   1 1 4 187 249 188 250 190 251 189 247
67   1 1 4 185 248 189 252 191 253 184 243
68   1 1 4 189 251 190 254 192 255 191 252
69   1 1 4 184 253 191 256 193 257 183 241
70   1 1 4 191 255 192 258 194 259 193 256
71   1 1 4 183 257 193 260 167 207 166 239
72   1 1 4 193 259 194 261 168 211 167 260
73   1 1 4 188 262 195 263 198 264 190 250
74   1 1 4 195 265 196 266 199 267 198 263
75   1 1 4 196 268 197 269 200 270 199 266
76   1 1 4 190 264 198 271 201 272 192 254
77   1 1 4 198 267 199 273 202 274 201 271
78   1 1 4 199 270 200 275 203 276 202 273
79   1 1 4 192 272 201 277 204 278 194 258
80   1 1 4 201 274 202 279 205 280 204 277
81   1 1 4 202 276 203 281 206 282 205 279
82   1 1 4 194 278 204 283 171 212 168 261
83   1 1 4 204 280 205 284 174 217 171 283
84   1 1 4 205 282 206 285 23 221 174 284

%LOAD
1
1	'Load_Case_1'

%LOAD.CASE
1

%LOAD.CASE.LINE.FORCE.UNIFORM
4
3	7	8	0	1.000000	1.000000	0.000000
4	8	9	0	1.000000	1.000000	0.000000
8	27	26	0	1.000000	1.000000	0.000000
7	26	9	0	1.000000	1.000000	0.000000

%END