%HEADER
Output file created by FEMEP (version April/2023).
'File created by FEMEP program'

%HEADER.ANALYSIS
'plane_stress ISOPARAMETRIC'

%NODE
1073

%NODE.COORD
1073
1   -2.000000 0.000000 0.000000
2   -2.000000 0.500000 0.000000
3   -2.000000 1.000000 0.000000
4   -2.000000 1.500000 0.000000
5   -2.000000 2.000000 0.000000
6   -2.500000 0.000000 0.000000
7   -2.500000 0.625000 0.000000
8   -2.500000 1.250000 0.000000
9   -2.500000 1.875000 0.000000
10   -2.500000 2.500000 0.000000
11   -3.000000 0.000000 0.000000
12   -3.000000 0.750000 0.000000
13   -3.000000 1.500000 0.000000
14   -3.000000 2.250000 0.000000
15   -3.000000 3.000000 0.000000
16   -3.500000 0.000000 0.000000
17   -3.500000 0.875000 0.000000
18   -3.500000 1.750000 0.000000
19   -3.500000 2.625000 0.000000
20   -3.500000 3.500000 0.000000
21   -4.000000 0.000000 0.000000
22   -4.000000 1.000000 0.000000
23   -4.000000 2.000000 0.000000
24   -4.000000 3.000000 0.000000
25   -4.000000 4.000000 0.000000
26   -2.000000 0.250000 0.000000
27   -2.250000 0.562500 0.000000
28   -2.500000 0.312500 0.000000
29   -2.250000 0.000000 0.000000
30   -2.000000 0.750000 0.000000
31   -2.250000 1.125000 0.000000
32   -2.500000 0.937500 0.000000
33   -2.000000 1.250000 0.000000
34   -2.250000 1.687500 0.000000
35   -2.500000 1.562500 0.000000
36   -2.000000 1.750000 0.000000
37   -2.250000 2.250000 0.000000
38   -2.500000 2.187500 0.000000
39   -2.750000 0.687500 0.000000
40   -3.000000 0.375000 0.000000
41   -2.750000 0.000000 0.000000
42   -2.750000 1.375000 0.000000
43   -3.000000 1.125000 0.000000
44   -2.750000 2.062500 0.000000
45   -3.000000 1.875000 0.000000
46   -2.750000 2.750000 0.000000
47   -3.000000 2.625000 0.000000
48   -3.250000 0.812500 0.000000
49   -3.500000 0.437500 0.000000
50   -3.250000 0.000000 0.000000
51   -3.250000 1.625000 0.000000
52   -3.500000 1.312500 0.000000
53   -3.250000 2.437500 0.000000
54   -3.500000 2.187500 0.000000
55   -3.250000 3.250000 0.000000
56   -3.500000 3.062500 0.000000
57   -3.750000 0.937500 0.000000
58   -4.000000 0.500000 0.000000
59   -3.750000 0.000000 0.000000
60   -3.750000 1.875000 0.000000
61   -4.000000 1.500000 0.000000
62   -3.750000 2.812500 0.000000
63   -4.000000 2.500000 0.000000
64   -3.750000 3.750000 0.000000
65   -4.000000 3.500000 0.000000
66   -1.500000 2.000000 0.000000
67   -1.000000 2.000000 0.000000
68   -0.500000 2.000000 0.000000
69   0.000000 2.000000 0.000000
70   -1.875000 2.500000 0.000000
71   -1.250000 2.500000 0.000000
72   -0.625000 2.500000 0.000000
73   0.000000 2.500000 0.000000
74   -2.250000 3.000000 0.000000
75   -1.500000 3.000000 0.000000
76   -0.750000 3.000000 0.000000
77   0.000000 3.000000 0.000000
78   -2.625000 3.500000 0.000000
79   -1.750000 3.500000 0.000000
80   -0.875000 3.500000 0.000000
81   0.000000 3.500000 0.000000
82   -3.000000 4.000000 0.000000
83   -2.000000 4.000000 0.000000
84   -1.000000 4.000000 0.000000
85   0.000000 4.000000 0.000000
86   -1.750000 2.000000 0.000000
87   -1.687500 2.250000 0.000000
88   -2.187500 2.500000 0.000000
89   -1.250000 2.000000 0.000000
90   -1.125000 2.250000 0.000000
91   -1.562500 2.500000 0.000000
92   -0.750000 2.000000 0.000000
93   -0.562500 2.250000 0.000000
94   -0.937500 2.500000 0.000000
95   -0.250000 2.000000 0.000000
96   0.000000 2.250000 0.000000
97   -0.312500 2.500000 0.000000
98   -2.062500 2.750000 0.000000
99   -2.625000 3.000000 0.000000
100   -1.375000 2.750000 0.000000
101   -1.875000 3.000000 0.000000
102   -0.687500 2.750000 0.000000
103   -1.125000 3.000000 0.000000
104   0.000000 2.750000 0.000000
105   -0.375000 3.000000 0.000000
106   -2.437500 3.250000 0.000000
107   -3.062500 3.500000 0.000000
108   -1.625000 3.250000 0.000000
109   -2.187500 3.500000 0.000000
110   -0.812500 3.250000 0.000000
111   -1.312500 3.500000 0.000000
112   0.000000 3.250000 0.000000
113   -0.437500 3.500000 0.000000
114   -2.812500 3.750000 0.000000
115   -3.500000 4.000000 0.000000
116   -1.875000 3.750000 0.000000
117   -2.500000 4.000000 0.000000
118   -0.937500 3.750000 0.000000
119   -1.500000 4.000000 0.000000
120   0.000000 3.750000 0.000000
121   -0.500000 4.000000 0.000000
122   -1.725134 0.653987 0.000000
123   -1.739094 0.740603 0.000000
124   -1.751481 0.861018 0.000000
125   -1.756121 0.977669 0.000000
126   -1.750393 1.054104 0.000000
127   -1.752388 0.620359 0.000000
128   -1.788927 0.742804 0.000000
129   -1.806411 0.893342 0.000000
130   -1.804724 1.033395 0.000000
131   -1.775960 1.119439 0.000000
132   -1.786120 0.569378 0.000000
133   -1.829408 0.728530 0.000000
134   -1.848647 0.918137 0.000000
135   -1.841468 1.093094 0.000000
136   -1.802408 1.205994 0.000000
137   -1.821179 0.507805 0.000000
138   -1.866389 0.702575 0.000000
139   -1.883722 0.938219 0.000000
140   -1.873350 1.158388 0.000000
141   -1.827864 1.302063 0.000000
142   -1.860030 0.425108 0.000000
143   -1.902803 0.665920 0.000000
144   -1.918177 0.957080 0.000000
145   -1.904989 1.232213 0.000000
146   -1.857782 1.422255 0.000000
147   -1.910246 0.292216 0.000000
148   -1.945764 0.603773 0.000000
149   -1.955419 0.976713 0.000000
150   -1.945209 1.338484 0.000000
151   -1.903099 1.606225 0.000000
152   -1.875000 0.000000 0.000000
153   -1.750000 0.000000 0.000000
154   -1.625000 0.000000 0.000000
155   -1.500000 0.000000 0.000000
156   -1.375000 0.000000 0.000000
157   -1.250000 0.000000 0.000000
158   -1.125000 0.000000 0.000000
159   -1.000000 0.000000 0.000000
160   -1.823790 0.166212 0.000000
161   -1.715655 0.116004 0.000000
162   -1.599051 0.094042 0.000000
163   -1.479211 0.082887 0.000000
164   -1.358723 0.073909 0.000000
165   -1.238220 0.065335 0.000000
166   -1.118058 0.056732 0.000000
167   -0.998846 0.048036 0.000000
168   -1.783033 0.287580 0.000000
169   -1.684066 0.217512 0.000000
170   -1.573058 0.184560 0.000000
171   -1.457899 0.164023 0.000000
172   -1.341682 0.146881 0.000000
173   -1.225498 0.130071 0.000000
174   -1.109809 0.113243 0.000000
175   -0.995346 0.096365 0.000000
176   -1.748389 0.380079 0.000000
177   -1.653557 0.310242 0.000000
178   -1.546914 0.270582 0.000000
179   -1.435705 0.243101 0.000000
180   -1.323507 0.218311 0.000000
181   -1.211364 0.193793 0.000000
182   -1.099757 0.169289 0.000000
183   -0.989458 0.144817 0.000000
184   -1.715926 0.462752 0.000000
185   -1.624549 0.396603 0.000000
186   -1.521185 0.354201 0.000000
187   -1.413390 0.320212 0.000000
188   -1.304680 0.288243 0.000000
189   -1.196033 0.256489 0.000000
190   -1.087932 0.224788 0.000000
191   -0.981156 0.193216 0.000000
192   -1.687720 0.538208 0.000000
193   -1.599410 0.481346 0.000000
194   -1.498489 0.436452 0.000000
195   -1.393127 0.396547 0.000000
196   -1.286797 0.357531 0.000000
197   -1.180537 0.318677 0.000000
198   -1.074823 0.279916 0.000000
199   -0.970430 0.241383 0.000000
200   -1.668908 0.613923 0.000000
201   -1.582557 0.566680 0.000000
202   -1.482478 0.520302 0.000000
203   -1.377664 0.473877 0.000000
204   -1.271940 0.427551 0.000000
205   -1.166261 0.381215 0.000000
206   -1.061121 0.335013 0.000000
207   -0.957288 0.289137 0.000000
208   -0.941756 0.336296 0.000000
209   -0.923880 0.382683 0.000000
210   -0.903720 0.428125 0.000000
211   -0.881355 0.472454 0.000000
212   -1.047204 0.390329 0.000000
213   -1.032843 0.445819 0.000000
214   -1.017460 0.501194 0.000000
215   -1.000597 0.556130 0.000000
216   -1.153935 0.444785 0.000000
217   -1.143056 0.509473 0.000000
218   -1.132407 0.574871 0.000000
219   -1.120993 0.640499 0.000000
220   -1.261195 0.499415 0.000000
221   -1.253784 0.573339 0.000000
222   -1.247851 0.648799 0.000000
223   -1.241865 0.725154 0.000000
224   -1.368541 0.554009 0.000000
225   -1.364585 0.637227 0.000000
226   -1.363353 0.722803 0.000000
227   -1.362719 0.809784 0.000000
228   -1.475034 0.608076 0.000000
229   -1.474655 0.700711 0.000000
230   -1.477783 0.796230 0.000000
231   -1.482310 0.893037 0.000000
232   -1.577622 0.660512 0.000000
233   -1.580620 0.761876 0.000000
234   -1.587552 0.866437 0.000000
235   -1.595566 0.969876 0.000000
236   -1.668699 0.707063 0.000000
237   -1.675747 0.816953 0.000000
238   -1.683668 0.928133 0.000000
239   -1.691423 1.027803 0.000000
240   -0.856881 0.515514 0.000000
241   -0.830406 0.557158 0.000000
242   -0.802054 0.597252 0.000000
243   -0.771956 0.635675 0.000000
244   -0.740257 0.672324 0.000000
245   -0.707107 0.707107 0.000000
246   -0.982099 0.610401 0.000000
247   -0.962010 0.663873 0.000000
248   -0.940438 0.716456 0.000000
249   -0.917534 0.768092 0.000000
250   -0.893506 0.818784 0.000000
251   -0.868718 0.868718 0.000000
252   -1.108413 0.706062 0.000000
253   -1.094640 0.771433 0.000000
254   -1.079771 0.836561 0.000000
255   -1.063943 0.901411 0.000000
256   -1.047361 0.965980 0.000000
257   -1.030330 1.030330 0.000000
258   -1.235177 0.802042 0.000000
259   -1.227694 0.879343 0.000000
260   -1.219492 0.957035 0.000000
261   -1.210688 1.035093 0.000000
262   -1.201437 1.113439 0.000000
263   -1.191942 1.191942 0.000000
264   -1.361933 0.897839 0.000000
265   -1.360729 0.987010 0.000000
266   -1.359183 1.077204 0.000000
267   -1.357383 1.168390 0.000000
268   -1.355426 1.260408 0.000000
269   -1.353553 1.353553 0.000000
270   -1.487242 0.991295 0.000000
271   -1.492369 1.091251 0.000000
272   -1.497448 1.193235 0.000000
273   -1.502613 1.296809 0.000000
274   -1.508529 1.404302 0.000000
275   -1.515165 1.515165 0.000000
276   -1.606181 1.073336 0.000000
277   -1.617509 1.180562 0.000000
278   -1.629193 1.290519 0.000000
279   -1.642103 1.407010 0.000000
280   -1.657273 1.532989 0.000000
281   -1.676777 1.676777 0.000000
282   -1.707272 1.125440 0.000000
283   -1.725305 1.228747 0.000000
284   -1.744083 1.340741 0.000000
285   -1.765003 1.463422 0.000000
286   -1.794587 1.621935 0.000000
287   -1.838388 1.838388 0.000000
288   -1.732114 0.697295 0.000000
289   -1.764010 0.741703 0.000000
290   -1.770658 0.681581 0.000000
291   -1.738761 0.637173 0.000000
292   -1.745287 0.800810 0.000000
293   -1.778946 0.877180 0.000000
294   -1.797669 0.818073 0.000000
295   -1.753801 0.919344 0.000000
296   -1.780422 1.005532 0.000000
297   -1.805567 0.963369 0.000000
298   -1.753257 1.015887 0.000000
299   -1.763176 1.086772 0.000000
300   -1.790342 1.076417 0.000000
301   -1.809167 0.735667 0.000000
302   -1.807764 0.648954 0.000000
303   -1.769254 0.594868 0.000000
304   -1.827529 0.905739 0.000000
305   -1.839028 0.823333 0.000000
306   -1.823096 1.063245 0.000000
307   -1.845058 1.005616 0.000000
308   -1.789184 1.162717 0.000000
309   -1.821938 1.149544 0.000000
310   -1.847898 0.715553 0.000000
311   -1.843784 0.605190 0.000000
312   -1.803650 0.538591 0.000000
313   -1.866185 0.928178 0.000000
314   -1.875056 0.820397 0.000000
315   -1.857409 1.125741 0.000000
316   -1.878536 1.048303 0.000000
317   -1.815136 1.254028 0.000000
318   -1.850607 1.230226 0.000000
319   -1.884596 0.684248 0.000000
320   -1.881417 0.545514 0.000000
321   -1.840605 0.466457 0.000000
322   -1.900950 0.947650 0.000000
323   -1.910490 0.811500 0.000000
324   -1.889169 1.195300 0.000000
325   -1.911583 1.094647 0.000000
326   -1.842823 1.362159 0.000000
327   -1.881385 1.327234 0.000000
328   -1.924284 0.634847 0.000000
329   -1.928005 0.447994 0.000000
330   -1.885138 0.358662 0.000000
331   -1.936798 0.966897 0.000000
332   -1.950592 0.790243 0.000000
333   -1.925099 1.285348 0.000000
334   -1.950314 1.157598 0.000000
335   -1.880440 1.514240 0.000000
336   -1.924154 1.472355 0.000000
337   -1.972882 0.551886 0.000000
338   -1.955123 0.146108 0.000000
339   -1.977710 0.988356 0.000000
340   -1.972605 1.419242 0.000000
341   -1.951549 1.803113 0.000000
342   -1.937500 0.000000 0.000000
343   -1.849395 0.083106 0.000000
344   -1.867018 0.229214 0.000000
345   -1.812500 0.000000 0.000000
346   -1.732827 0.058002 0.000000
347   -1.769722 0.141108 0.000000
348   -1.687500 0.000000 0.000000
349   -1.612025 0.047021 0.000000
350   -1.657353 0.105023 0.000000
351   -1.562500 0.000000 0.000000
352   -1.489605 0.041444 0.000000
353   -1.539131 0.088464 0.000000
354   -1.437500 0.000000 0.000000
355   -1.366862 0.036955 0.000000
356   -1.418967 0.078398 0.000000
357   -1.312500 0.000000 0.000000
358   -1.244110 0.032667 0.000000
359   -1.298471 0.069622 0.000000
360   -1.187500 0.000000 0.000000
361   -1.121529 0.028366 0.000000
362   -1.178139 0.061033 0.000000
363   -1.062500 0.000000 0.000000
364   -0.999713 0.023971 0.000000
365   -1.058452 0.052384 0.000000
366   -1.803411 0.226896 0.000000
367   -1.821532 0.356344 0.000000
368   -1.699860 0.166758 0.000000
369   -1.733550 0.252546 0.000000
370   -1.586054 0.139301 0.000000
371   -1.628562 0.201036 0.000000
372   -1.468555 0.123455 0.000000
373   -1.515479 0.174292 0.000000
374   -1.350203 0.110395 0.000000
375   -1.399791 0.155452 0.000000
376   -1.231859 0.097703 0.000000
377   -1.283590 0.138476 0.000000
378   -1.113934 0.084987 0.000000
379   -1.167654 0.121657 0.000000
380   -0.997392 0.072175 0.000000
381   -1.052578 0.104804 0.000000
382   -1.765711 0.333829 0.000000
383   -1.784784 0.443942 0.000000
384   -1.668812 0.263877 0.000000
385   -1.700973 0.345160 0.000000
386   -1.559986 0.227571 0.000000
387   -1.600236 0.290412 0.000000
388   -1.446802 0.203562 0.000000
389   -1.491309 0.256841 0.000000
390   -1.332594 0.182596 0.000000
391   -1.379606 0.230706 0.000000
392   -1.218431 0.161932 0.000000
393   -1.267435 0.206052 0.000000
394   -1.104783 0.141266 0.000000
395   -1.155561 0.181541 0.000000
396   -0.992703 0.120586 0.000000
397   -1.044608 0.157053 0.000000
398   -1.732157 0.421416 0.000000
399   -1.751023 0.516065 0.000000
400   -1.639053 0.353423 0.000000
401   -1.670238 0.429678 0.000000
402   -1.534050 0.312392 0.000000
403   -1.572867 0.375402 0.000000
404   -1.424547 0.281656 0.000000
405   -1.467287 0.337207 0.000000
406   -1.314093 0.253277 0.000000
407   -1.359035 0.304227 0.000000
408   -1.203698 0.225141 0.000000
409   -1.250356 0.272366 0.000000
410   -1.093845 0.197038 0.000000
411   -1.141982 0.240639 0.000000
412   -0.985610 0.169034 0.000000
413   -1.034544 0.209002 0.000000
414   -1.701823 0.500480 0.000000
415   -1.720054 0.579284 0.000000
416   -1.611980 0.438974 0.000000
417   -1.643565 0.509777 0.000000
418   -1.509837 0.395327 0.000000
419   -1.548950 0.458899 0.000000
420   -1.403258 0.358379 0.000000
421   -1.445808 0.416499 0.000000
422   -1.295738 0.322887 0.000000
423   -1.339962 0.377039 0.000000
424   -1.188285 0.287583 0.000000
425   -1.233667 0.338104 0.000000
426   -1.081378 0.252352 0.000000
427   -1.127680 0.299297 0.000000
428   -0.976096 0.217340 0.000000
429   -1.022626 0.260650 0.000000
430   -1.678314 0.576066 0.000000
431   -1.697021 0.633955 0.000000
432   -1.590984 0.524013 0.000000
433   -1.625733 0.590302 0.000000
434   -1.490483 0.478377 0.000000
435   -1.532518 0.543491 0.000000
436   -1.385395 0.435212 0.000000
437   -1.430071 0.497090 0.000000
438   -1.279368 0.392541 0.000000
439   -1.324802 0.450714 0.000000
440   -1.173399 0.349946 0.000000
441   -1.219101 0.404383 0.000000
442   -1.067972 0.307465 0.000000
443   -1.113691 0.358114 0.000000
444   -0.964160 0.265323 0.000000
445   -1.009204 0.312075 0.000000
446   -0.949818 0.312802 0.000000
447   -0.994480 0.363313 0.000000
448   -1.054162 0.362671 0.000000
449   -0.933108 0.359597 0.000000
450   -0.978361 0.414251 0.000000
451   -1.040024 0.418074 0.000000
452   -0.914080 0.405533 0.000000
453   -0.960590 0.464659 0.000000
454   -1.025152 0.473507 0.000000
455   -0.892807 0.450439 0.000000
456   -0.940976 0.514292 0.000000
457   -1.009029 0.528662 0.000000
458   -1.100569 0.417557 0.000000
459   -1.160098 0.413000 0.000000
460   -1.087950 0.477646 0.000000
461   -1.148495 0.477129 0.000000
462   -1.074933 0.538032 0.000000
463   -1.137731 0.542172 0.000000
464   -1.060795 0.598314 0.000000
465   -1.126700 0.607685 0.000000
466   -1.207565 0.472100 0.000000
467   -1.266567 0.463483 0.000000
468   -1.198420 0.541406 0.000000
469   -1.257489 0.536377 0.000000
470   -1.190129 0.611835 0.000000
471   -1.250817 0.611069 0.000000
472   -1.181429 0.682827 0.000000
473   -1.244858 0.686977 0.000000
474   -1.314868 0.526712 0.000000
475   -1.373102 0.513943 0.000000
476   -1.309184 0.605283 0.000000
477   -1.366563 0.595618 0.000000
478   -1.305602 0.685801 0.000000
479   -1.363969 0.680015 0.000000
480   -1.302292 0.767469 0.000000
481   -1.363036 0.766293 0.000000
482   -1.421787 0.581043 0.000000
483   -1.478756 0.564189 0.000000
484   -1.419620 0.668969 0.000000
485   -1.474844 0.654394 0.000000
486   -1.420568 0.759516 0.000000
487   -1.476219 0.748470 0.000000
488   -1.422514 0.851411 0.000000
489   -1.480047 0.844634 0.000000
490   -1.526328 0.634294 0.000000
491   -1.580090 0.613596 0.000000
492   -1.527638 0.731294 0.000000
493   -1.579121 0.711194 0.000000
494   -1.532668 0.831334 0.000000
495   -1.584086 0.814157 0.000000
496   -1.538938 0.931456 0.000000
497   -1.591559 0.918156 0.000000
498   -1.623161 0.683788 0.000000
499   -1.668804 0.660493 0.000000
500   -1.628184 0.789415 0.000000
501   -1.672223 0.762008 0.000000
502   -1.635610 0.897285 0.000000
503   -1.679708 0.872543 0.000000
504   -1.643494 0.998839 0.000000
505   -1.687545 0.977968 0.000000
506   -1.703896 0.723833 0.000000
507   -1.713614 0.838985 0.000000
508   -1.719895 0.952901 0.000000
509   -1.720908 1.040954 0.000000
510   -0.869375 0.494152 0.000000
511   -0.919490 0.562957 0.000000
512   -0.991348 0.583265 0.000000
513   -0.843886 0.536522 0.000000
514   -0.896208 0.610515 0.000000
515   -0.972055 0.637137 0.000000
516   -0.816457 0.577407 0.000000
517   -0.871246 0.656854 0.000000
518   -0.951224 0.690164 0.000000
519   -0.787214 0.616679 0.000000
520   -0.844745 0.701884 0.000000
521   -0.928986 0.742274 0.000000
522   -0.756298 0.654227 0.000000
523   -0.816882 0.745554 0.000000
524   -0.905520 0.793438 0.000000
525   -0.723854 0.689953 0.000000
526   -0.787913 0.787913 0.000000
527   -0.881112 0.843751 0.000000
528   -1.045256 0.658231 0.000000
529   -1.114703 0.673280 0.000000
530   -1.028325 0.717653 0.000000
531   -1.101526 0.738747 0.000000
532   -1.010104 0.776508 0.000000
533   -1.087205 0.803997 0.000000
534   -0.990738 0.834752 0.000000
535   -1.071857 0.868986 0.000000
536   -0.970434 0.892382 0.000000
537   -1.055652 0.933696 0.000000
538   -0.949524 0.949524 0.000000
539   -1.038845 0.998155 0.000000
540   -1.171795 0.754052 0.000000
541   -1.238521 0.763598 0.000000
542   -1.161167 0.825388 0.000000
543   -1.231436 0.840692 0.000000
544   -1.149631 0.896798 0.000000
545   -1.223593 0.918189 0.000000
546   -1.137315 0.968252 0.000000
547   -1.215090 0.996064 0.000000
548   -1.124399 1.039710 0.000000
549   -1.206063 1.074266 0.000000
550   -1.111136 1.111136 0.000000
551   -1.196690 1.152690 0.000000
552   -1.298555 0.849940 0.000000
553   -1.362326 0.853811 0.000000
554   -1.294212 0.933177 0.000000
555   -1.361331 0.942425 0.000000
556   -1.289337 1.017120 0.000000
557   -1.359956 1.032107 0.000000
558   -1.284036 1.101742 0.000000
559   -1.358283 1.122797 0.000000
560   -1.278432 1.186923 0.000000
561   -1.356404 1.214399 0.000000
562   -1.272748 1.272748 0.000000
563   -1.354490 1.306980 0.000000
564   -1.424588 0.944567 0.000000
565   -1.484776 0.942166 0.000000
566   -1.426549 1.039131 0.000000
567   -1.489806 1.041273 0.000000
568   -1.428315 1.135219 0.000000
569   -1.494908 1.142243 0.000000
570   -1.429998 1.232600 0.000000
571   -1.500030 1.245022 0.000000
572   -1.431977 1.332355 0.000000
573   -1.505571 1.350555 0.000000
574   -1.434359 1.434359 0.000000
575   -1.511847 1.459734 0.000000
576   -1.546712 1.032316 0.000000
577   -1.600874 1.021606 0.000000
578   -1.554939 1.135907 0.000000
579   -1.611845 1.126949 0.000000
580   -1.563320 1.241877 0.000000
581   -1.623351 1.235540 0.000000
582   -1.572358 1.351909 0.000000
583   -1.635648 1.348765 0.000000
584   -1.582901 1.468646 0.000000
585   -1.649688 1.470000 0.000000
586   -1.595971 1.595971 0.000000
587   -1.667025 1.604883 0.000000
588   -1.656727 1.099388 0.000000
589   -1.699348 1.076622 0.000000
590   -1.671407 1.204654 0.000000
591   -1.716289 1.177093 0.000000
592   -1.686638 1.315630 0.000000
593   -1.734694 1.284744 0.000000
594   -1.703553 1.435216 0.000000
595   -1.754543 1.402081 0.000000
596   -1.725930 1.577462 0.000000
597   -1.779795 1.542679 0.000000
598   -1.757583 1.757583 0.000000
599   -1.816488 1.730162 0.000000
600   -1.741616 1.122439 0.000000
601   -1.763856 1.217370 0.000000
602   -1.785974 1.321402 0.000000
603   -1.811392 1.442839 0.000000
604   -1.848843 1.614080 0.000000
605   -1.919194 1.919194 0.000000
606   -1.054104 1.750393 0.000000
607   -0.977669 1.756121 0.000000
608   -0.861018 1.751481 0.000000
609   -0.740603 1.739094 0.000000
610   -0.653987 1.725134 0.000000
611   -1.119439 1.775960 0.000000
612   -1.033395 1.804724 0.000000
613   -0.893342 1.806411 0.000000
614   -0.742804 1.788927 0.000000
615   -0.620359 1.752388 0.000000
616   -1.205994 1.802408 0.000000
617   -1.093094 1.841468 0.000000
618   -0.918137 1.848647 0.000000
619   -0.728530 1.829408 0.000000
620   -0.569378 1.786120 0.000000
621   -1.302063 1.827864 0.000000
622   -1.158388 1.873350 0.000000
623   -0.938219 1.883722 0.000000
624   -0.702575 1.866389 0.000000
625   -0.507805 1.821179 0.000000
626   -1.422255 1.857782 0.000000
627   -1.232213 1.904989 0.000000
628   -0.957080 1.918177 0.000000
629   -0.665920 1.902803 0.000000
630   -0.425108 1.860030 0.000000
631   -1.606225 1.903099 0.000000
632   -1.338484 1.945209 0.000000
633   -0.976713 1.955419 0.000000
634   -0.603773 1.945764 0.000000
635   -0.292216 1.910246 0.000000
636   -1.621935 1.794587 0.000000
637   -1.532989 1.657273 0.000000
638   -1.404302 1.508529 0.000000
639   -1.260408 1.355426 0.000000
640   -1.113439 1.201437 0.000000
641   -0.965980 1.047361 0.000000
642   -0.818784 0.893506 0.000000
643   -0.672324 0.740257 0.000000
644   -1.463422 1.765003 0.000000
645   -1.407010 1.642103 0.000000
646   -1.296809 1.502613 0.000000
647   -1.168390 1.357383 0.000000
648   -1.035093 1.210688 0.000000
649   -0.901411 1.063943 0.000000
650   -0.768092 0.917534 0.000000
651   -0.635675 0.771956 0.000000
652   -1.340741 1.744083 0.000000
653   -1.290519 1.629193 0.000000
654   -1.193235 1.497448 0.000000
655   -1.077204 1.359183 0.000000
656   -0.957035 1.219492 0.000000
657   -0.836561 1.079771 0.000000
658   -0.716456 0.940438 0.000000
659   -0.597252 0.802054 0.000000
660   -1.228747 1.725305 0.000000
661   -1.180562 1.617509 0.000000
662   -1.091251 1.492369 0.000000
663   -0.987010 1.360729 0.000000
664   -0.879343 1.227694 0.000000
665   -0.771433 1.094640 0.000000
666   -0.663873 0.962010 0.000000
667   -0.557158 0.830406 0.000000
668   -1.125440 1.707272 0.000000
669   -1.073336 1.606181 0.000000
670   -0.991295 1.487242 0.000000
671   -0.897839 1.361933 0.000000
672   -0.802042 1.235177 0.000000
673   -0.706062 1.108413 0.000000
674   -0.610401 0.982099 0.000000
675   -0.515514 0.856881 0.000000
676   -1.027803 1.691423 0.000000
677   -0.969876 1.595566 0.000000
678   -0.893037 1.482310 0.000000
679   -0.809784 1.362719 0.000000
680   -0.725154 1.241865 0.000000
681   -0.640499 1.120993 0.000000
682   -0.556130 1.000597 0.000000
683   -0.472454 0.881355 0.000000
684   -0.428125 0.903720 0.000000
685   -0.382683 0.923880 0.000000
686   -0.336296 0.941756 0.000000
687   -0.289137 0.957288 0.000000
688   -0.501194 1.017460 0.000000
689   -0.445819 1.032843 0.000000
690   -0.390329 1.047204 0.000000
691   -0.335013 1.061121 0.000000
692   -0.574871 1.132407 0.000000
693   -0.509473 1.143056 0.000000
694   -0.444785 1.153935 0.000000
695   -0.381215 1.166261 0.000000
696   -0.648799 1.247851 0.000000
697   -0.573339 1.253784 0.000000
698   -0.499415 1.261195 0.000000
699   -0.427551 1.271940 0.000000
700   -0.722803 1.363353 0.000000
701   -0.637227 1.364585 0.000000
702   -0.554009 1.368541 0.000000
703   -0.473877 1.377664 0.000000
704   -0.796230 1.477783 0.000000
705   -0.700711 1.474655 0.000000
706   -0.608076 1.475034 0.000000
707   -0.520302 1.482478 0.000000
708   -0.866437 1.587552 0.000000
709   -0.761876 1.580620 0.000000
710   -0.660512 1.577622 0.000000
711   -0.566680 1.582557 0.000000
712   -0.928133 1.683668 0.000000
713   -0.816953 1.675747 0.000000
714   -0.707063 1.668699 0.000000
715   -0.613923 1.668908 0.000000
716   -0.241383 0.970430 0.000000
717   -0.193216 0.981156 0.000000
718   -0.144817 0.989458 0.000000
719   -0.096365 0.995346 0.000000
720   -0.048036 0.998846 0.000000
721   0.000000 1.000000 0.000000
722   -0.279916 1.074823 0.000000
723   -0.224788 1.087932 0.000000
724   -0.169289 1.099757 0.000000
725   -0.113243 1.109809 0.000000
726   -0.056732 1.118058 0.000000
727   0.000000 1.125000 0.000000
728   -0.318677 1.180537 0.000000
729   -0.256489 1.196033 0.000000
730   -0.193793 1.211364 0.000000
731   -0.130071 1.225498 0.000000
732   -0.065335 1.238220 0.000000
733   0.000000 1.250000 0.000000
734   -0.357531 1.286797 0.000000
735   -0.288243 1.304680 0.000000
736   -0.218311 1.323507 0.000000
737   -0.146881 1.341682 0.000000
738   -0.073909 1.358723 0.000000
739   0.000000 1.375000 0.000000
740   -0.396547 1.393127 0.000000
741   -0.320212 1.413390 0.000000
742   -0.243101 1.435705 0.000000
743   -0.164023 1.457899 0.000000
744   -0.082887 1.479211 0.000000
745   0.000000 1.500000 0.000000
746   -0.436452 1.498489 0.000000
747   -0.354201 1.521185 0.000000
748   -0.270582 1.546914 0.000000
749   -0.184560 1.573058 0.000000
750   -0.094042 1.599051 0.000000
751   0.000000 1.625000 0.000000
752   -0.481346 1.599410 0.000000
753   -0.396603 1.624549 0.000000
754   -0.310242 1.653557 0.000000
755   -0.217512 1.684066 0.000000
756   -0.116004 1.715655 0.000000
757   0.000000 1.750000 0.000000
758   -0.538208 1.687720 0.000000
759   -0.462752 1.715926 0.000000
760   -0.380079 1.748389 0.000000
761   -0.287580 1.783033 0.000000
762   -0.166212 1.823790 0.000000
763   0.000000 1.875000 0.000000
764   -1.015887 1.753257 0.000000
765   -1.005532 1.780422 0.000000
766   -1.076417 1.790342 0.000000
767   -1.086772 1.763176 0.000000
768   -0.919344 1.753801 0.000000
769   -0.877180 1.778946 0.000000
770   -0.963369 1.805567 0.000000
771   -0.800810 1.745287 0.000000
772   -0.741703 1.764010 0.000000
773   -0.818073 1.797669 0.000000
774   -0.697295 1.732114 0.000000
775   -0.637173 1.738761 0.000000
776   -0.681581 1.770658 0.000000
777   -1.063245 1.823096 0.000000
778   -1.149544 1.821938 0.000000
779   -1.162717 1.789184 0.000000
780   -0.905739 1.827529 0.000000
781   -1.005616 1.845058 0.000000
782   -0.735667 1.809167 0.000000
783   -0.823333 1.839028 0.000000
784   -0.594868 1.769254 0.000000
785   -0.648954 1.807764 0.000000
786   -1.125741 1.857409 0.000000
787   -1.230226 1.850607 0.000000
788   -1.254028 1.815136 0.000000
789   -0.928178 1.866185 0.000000
790   -1.048303 1.878536 0.000000
791   -0.715553 1.847898 0.000000
792   -0.820397 1.875056 0.000000
793   -0.538591 1.803650 0.000000
794   -0.605190 1.843784 0.000000
795   -1.195300 1.889169 0.000000
796   -1.327234 1.881385 0.000000
797   -1.362159 1.842823 0.000000
798   -0.947650 1.900950 0.000000
799   -1.094647 1.911583 0.000000
800   -0.684248 1.884596 0.000000
801   -0.811500 1.910490 0.000000
802   -0.466457 1.840605 0.000000
803   -0.545514 1.881417 0.000000
804   -1.285348 1.925099 0.000000
805   -1.472355 1.924154 0.000000
806   -1.514240 1.880440 0.000000
807   -0.966897 1.936798 0.000000
808   -1.157598 1.950314 0.000000
809   -0.634847 1.924284 0.000000
810   -0.790243 1.950592 0.000000
811   -0.358662 1.885138 0.000000
812   -0.447994 1.928005 0.000000
813   -1.419242 1.972605 0.000000
814   -1.803113 1.951549 0.000000
815   -0.988356 1.977710 0.000000
816   -0.551886 1.972882 0.000000
817   -0.146108 1.955123 0.000000
818   -1.730162 1.816488 0.000000
819   -1.614080 1.848843 0.000000
820   -1.604883 1.667025 0.000000
821   -1.577462 1.725930 0.000000
822   -1.459734 1.511847 0.000000
823   -1.468646 1.582901 0.000000
824   -1.306980 1.354490 0.000000
825   -1.332355 1.431977 0.000000
826   -1.152690 1.196690 0.000000
827   -1.186923 1.278432 0.000000
828   -0.998155 1.038845 0.000000
829   -1.039710 1.124399 0.000000
830   -0.843751 0.881112 0.000000
831   -0.892382 0.970434 0.000000
832   -0.689953 0.723854 0.000000
833   -0.745554 0.816882 0.000000
834   -1.542679 1.779795 0.000000
835   -1.442839 1.811392 0.000000
836   -1.470000 1.649688 0.000000
837   -1.435216 1.703553 0.000000
838   -1.350555 1.505571 0.000000
839   -1.351909 1.572358 0.000000
840   -1.214399 1.356404 0.000000
841   -1.232600 1.429998 0.000000
842   -1.074266 1.206063 0.000000
843   -1.101742 1.284036 0.000000
844   -0.933696 1.055652 0.000000
845   -0.968252 1.137315 0.000000
846   -0.793438 0.905520 0.000000
847   -0.834752 0.990738 0.000000
848   -0.654227 0.756298 0.000000
849   -0.701884 0.844745 0.000000
850   -1.402081 1.754543 0.000000
851   -1.321402 1.785974 0.000000
852   -1.348765 1.635648 0.000000
853   -1.315630 1.686638 0.000000
854   -1.245022 1.500030 0.000000
855   -1.241877 1.563320 0.000000
856   -1.122797 1.358283 0.000000
857   -1.135219 1.428315 0.000000
858   -0.996064 1.215090 0.000000
859   -1.017120 1.289337 0.000000
860   -0.868986 1.071857 0.000000
861   -0.896798 1.149631 0.000000
862   -0.742274 0.928986 0.000000
863   -0.776508 1.010104 0.000000
864   -0.616679 0.787214 0.000000
865   -0.656854 0.871246 0.000000
866   -1.284744 1.734694 0.000000
867   -1.217370 1.763856 0.000000
868   -1.235540 1.623351 0.000000
869   -1.204654 1.671407 0.000000
870   -1.142243 1.494908 0.000000
871   -1.135907 1.554939 0.000000
872   -1.032107 1.359956 0.000000
873   -1.039131 1.426549 0.000000
874   -0.918189 1.223593 0.000000
875   -0.933177 1.294212 0.000000
876   -0.803997 1.087205 0.000000
877   -0.825388 1.161167 0.000000
878   -0.690164 0.951224 0.000000
879   -0.717653 1.028325 0.000000
880   -0.577407 0.816457 0.000000
881   -0.610515 0.896208 0.000000
882   -1.177093 1.716289 0.000000
883   -1.122439 1.741616 0.000000
884   -1.126949 1.611845 0.000000
885   -1.099388 1.656727 0.000000
886   -1.041273 1.489806 0.000000
887   -1.032316 1.546712 0.000000
888   -0.942425 1.361331 0.000000
889   -0.944567 1.424588 0.000000
890   -0.840692 1.231436 0.000000
891   -0.849940 1.298555 0.000000
892   -0.738747 1.101526 0.000000
893   -0.754052 1.171795 0.000000
894   -0.637137 0.972055 0.000000
895   -0.658231 1.045256 0.000000
896   -0.536522 0.843886 0.000000
897   -0.562957 0.919490 0.000000
898   -1.076622 1.699348 0.000000
899   -1.040954 1.720908 0.000000
900   -1.021606 1.600874 0.000000
901   -0.998839 1.643494 0.000000
902   -0.942166 1.484776 0.000000
903   -0.931456 1.538938 0.000000
904   -0.853811 1.362326 0.000000
905   -0.851411 1.422514 0.000000
906   -0.763598 1.238521 0.000000
907   -0.767469 1.302292 0.000000
908   -0.673280 1.114703 0.000000
909   -0.682827 1.181429 0.000000
910   -0.583265 0.991348 0.000000
911   -0.598314 1.060795 0.000000
912   -0.494152 0.869375 0.000000
913   -0.514292 0.940976 0.000000
914   -0.450439 0.892807 0.000000
915   -0.464659 0.960590 0.000000
916   -0.528662 1.009029 0.000000
917   -0.405533 0.914080 0.000000
918   -0.414251 0.978361 0.000000
919   -0.473507 1.025152 0.000000
920   -0.359597 0.933108 0.000000
921   -0.363313 0.994480 0.000000
922   -0.418074 1.040024 0.000000
923   -0.312802 0.949818 0.000000
924   -0.312075 1.009204 0.000000
925   -0.362671 1.054162 0.000000
926   -0.538032 1.074933 0.000000
927   -0.607685 1.126700 0.000000
928   -0.477646 1.087950 0.000000
929   -0.542172 1.137731 0.000000
930   -0.417557 1.100569 0.000000
931   -0.477129 1.148495 0.000000
932   -0.358114 1.113691 0.000000
933   -0.413000 1.160098 0.000000
934   -0.611835 1.190129 0.000000
935   -0.686977 1.244858 0.000000
936   -0.541406 1.198420 0.000000
937   -0.611069 1.250817 0.000000
938   -0.472100 1.207565 0.000000
939   -0.536377 1.257489 0.000000
940   -0.404383 1.219101 0.000000
941   -0.463483 1.266567 0.000000
942   -0.685801 1.305602 0.000000
943   -0.766293 1.363036 0.000000
944   -0.605283 1.309184 0.000000
945   -0.680015 1.363969 0.000000
946   -0.526712 1.314868 0.000000
947   -0.595618 1.366563 0.000000
948   -0.450714 1.324802 0.000000
949   -0.513943 1.373102 0.000000
950   -0.759516 1.420568 0.000000
951   -0.844634 1.480047 0.000000
952   -0.668969 1.419620 0.000000
953   -0.748470 1.476219 0.000000
954   -0.581043 1.421787 0.000000
955   -0.654394 1.474844 0.000000
956   -0.497090 1.430071 0.000000
957   -0.564189 1.478756 0.000000
958   -0.831334 1.532668 0.000000
959   -0.918156 1.591559 0.000000
960   -0.731294 1.527638 0.000000
961   -0.814157 1.584086 0.000000
962   -0.634294 1.526328 0.000000
963   -0.711194 1.579121 0.000000
964   -0.543491 1.532518 0.000000
965   -0.613596 1.580090 0.000000
966   -0.897285 1.635610 0.000000
967   -0.977968 1.687545 0.000000
968   -0.789415 1.628184 0.000000
969   -0.872543 1.679708 0.000000
970   -0.683788 1.623161 0.000000
971   -0.762008 1.672223 0.000000
972   -0.590302 1.625733 0.000000
973   -0.660493 1.668804 0.000000
974   -0.952901 1.719895 0.000000
975   -0.838985 1.713614 0.000000
976   -0.723833 1.703896 0.000000
977   -0.633955 1.697021 0.000000
978   -0.265323 0.964160 0.000000
979   -0.260650 1.022626 0.000000
980   -0.307465 1.067972 0.000000
981   -0.217340 0.976096 0.000000
982   -0.209002 1.034544 0.000000
983   -0.252352 1.081378 0.000000
984   -0.169034 0.985610 0.000000
985   -0.157053 1.044608 0.000000
986   -0.197038 1.093845 0.000000
987   -0.120586 0.992703 0.000000
988   -0.104804 1.052578 0.000000
989   -0.141266 1.104783 0.000000
990   -0.072175 0.997392 0.000000
991   -0.052384 1.058452 0.000000
992   -0.084987 1.113934 0.000000
993   -0.023971 0.999713 0.000000
994   0.000000 1.062500 0.000000
995   -0.028366 1.121529 0.000000
996   -0.299297 1.127680 0.000000
997   -0.349946 1.173399 0.000000
998   -0.240639 1.141982 0.000000
999   -0.287583 1.188285 0.000000
1000   -0.181541 1.155561 0.000000
1001   -0.225141 1.203698 0.000000
1002   -0.121657 1.167654 0.000000
1003   -0.161932 1.218431 0.000000
1004   -0.061033 1.178139 0.000000
1005   -0.097703 1.231859 0.000000
1006   0.000000 1.187500 0.000000
1007   -0.032667 1.244110 0.000000
1008   -0.338104 1.233667 0.000000
1009   -0.392541 1.279368 0.000000
1010   -0.272366 1.250356 0.000000
1011   -0.322887 1.295738 0.000000
1012   -0.206052 1.267435 0.000000
1013   -0.253277 1.314093 0.000000
1014   -0.138476 1.283590 0.000000
1015   -0.182596 1.332594 0.000000
1016   -0.069622 1.298471 0.000000
1017   -0.110395 1.350203 0.000000
1018   0.000000 1.312500 0.000000
1019   -0.036955 1.366862 0.000000
1020   -0.377039 1.339962 0.000000
1021   -0.435212 1.385395 0.000000
1022   -0.304227 1.359035 0.000000
1023   -0.358379 1.403258 0.000000
1024   -0.230706 1.379606 0.000000
1025   -0.281656 1.424547 0.000000
1026   -0.155452 1.399791 0.000000
1027   -0.203562 1.446802 0.000000
1028   -0.078398 1.418967 0.000000
1029   -0.123455 1.468555 0.000000
1030   0.000000 1.437500 0.000000
1031   -0.041444 1.489605 0.000000
1032   -0.416499 1.445808 0.000000
1033   -0.478377 1.490483 0.000000
1034   -0.337207 1.467287 0.000000
1035   -0.395327 1.509837 0.000000
1036   -0.256841 1.491309 0.000000
1037   -0.312392 1.534050 0.000000
1038   -0.174292 1.515479 0.000000
1039   -0.227571 1.559986 0.000000
1040   -0.088464 1.539131 0.000000
1041   -0.139301 1.586054 0.000000
1042   0.000000 1.562500 0.000000
1043   -0.047021 1.612025 0.000000
1044   -0.458899 1.548950 0.000000
1045   -0.524013 1.590984 0.000000
1046   -0.375402 1.572867 0.000000
1047   -0.438974 1.611980 0.000000
1048   -0.290412 1.600236 0.000000
1049   -0.353423 1.639053 0.000000
1050   -0.201036 1.628562 0.000000
1051   -0.263877 1.668812 0.000000
1052   -0.105023 1.657353 0.000000
1053   -0.166758 1.699860 0.000000
1054   0.000000 1.687500 0.000000
1055   -0.058002 1.732827 0.000000
1056   -0.509777 1.643565 0.000000
1057   -0.576066 1.678314 0.000000
1058   -0.429678 1.670238 0.000000
1059   -0.500480 1.701823 0.000000
1060   -0.345160 1.700973 0.000000
1061   -0.421416 1.732157 0.000000
1062   -0.252546 1.733550 0.000000
1063   -0.333829 1.765711 0.000000
1064   -0.141108 1.769722 0.000000
1065   -0.226896 1.803411 0.000000
1066   0.000000 1.812500 0.000000
1067   -0.083106 1.849395 0.000000
1068   -0.579284 1.720054 0.000000
1069   -0.516065 1.751023 0.000000
1070   -0.443942 1.784784 0.000000
1071   -0.356344 1.821532 0.000000
1072   -0.229214 1.867018 0.000000
1073   0.000000 1.937500 0.000000

%NODE.SUPPORT
50
1   0 1 0 0 0 0
6   0 1 0 0 0 0
11   0 1 0 0 0 0
16   0 1 0 0 0 0
21   0 1 0 0 0 0
29   0 1 0 0 0 0
41   0 1 0 0 0 0
50   0 1 0 0 0 0
59   0 1 0 0 0 0
69   1 0 0 0 0 0
73   1 0 0 0 0 0
77   1 0 0 0 0 0
81   1 0 0 0 0 0
85   1 0 0 0 0 0
96   1 0 0 0 0 0
104   1 0 0 0 0 0
112   1 0 0 0 0 0
120   1 0 0 0 0 0
152   0 1 0 0 0 0
153   0 1 0 0 0 0
154   0 1 0 0 0 0
155   0 1 0 0 0 0
156   0 1 0 0 0 0
157   0 1 0 0 0 0
158   0 1 0 0 0 0
159   0 1 0 0 0 0
342   0 1 0 0 0 0
345   0 1 0 0 0 0
348   0 1 0 0 0 0
351   0 1 0 0 0 0
354   0 1 0 0 0 0
357   0 1 0 0 0 0
360   0 1 0 0 0 0
363   0 1 0 0 0 0
721   1 0 0 0 0 0
727   1 0 0 0 0 0
733   1 0 0 0 0 0
739   1 0 0 0 0 0
745   1 0 0 0 0 0
751   1 0 0 0 0 0
757   1 0 0 0 0 0
763   1 0 0 0 0 0
994   1 0 0 0 0 0
1006   1 0 0 0 0 0
1018   1 0 0 0 0 0
1030   1 0 0 0 0 0
1042   1 0 0 0 0 0
1054   1 0 0 0 0 0
1066   1 0 0 0 0 0
1073   1 0 0 0 0 0

%MATERIAL
1

%MATERIAL.ISOTROPIC
1
1   10000.0 0.250000

%THICKNESS
1
1   1.000000

%INTEGRATION.ORDER
4
1 1 1 1 1 1 1
2 3 3 1 3 3 1
3 1 1 1 1 1 1
4 3 3 1 3 3 1

%ELEMENT
336

%ELEMENT.Q8
336
1   1 1 4 1 26 2 27 7 28 6 29
2   1 1 4 2 30 3 31 8 32 7 27
3   1 1 4 3 33 4 34 9 35 8 31
4   1 1 4 4 36 5 37 10 38 9 34
5   1 1 4 6 28 7 39 12 40 11 41
6   1 1 4 7 32 8 42 13 43 12 39
7   1 1 4 8 35 9 44 14 45 13 42
8   1 1 4 9 38 10 46 15 47 14 44
9   1 1 4 11 40 12 48 17 49 16 50
10   1 1 4 12 43 13 51 18 52 17 48
11   1 1 4 13 45 14 53 19 54 18 51
12   1 1 4 14 47 15 55 20 56 19 53
13   1 1 4 16 49 17 57 22 58 21 59
14   1 1 4 17 52 18 60 23 61 22 57
15   1 1 4 18 54 19 62 24 63 23 60
16   1 1 4 19 56 20 64 25 65 24 62
17   1 1 4 5 86 66 87 70 88 10 37
18   1 1 4 66 89 67 90 71 91 70 87
19   1 1 4 67 92 68 93 72 94 71 90
20   1 1 4 68 95 69 96 73 97 72 93
21   1 1 4 10 88 70 98 74 99 15 46
22   1 1 4 70 91 71 100 75 101 74 98
23   1 1 4 71 94 72 102 76 103 75 100
24   1 1 4 72 97 73 104 77 105 76 102
25   1 1 4 15 99 74 106 78 107 20 55
26   1 1 4 74 101 75 108 79 109 78 106
27   1 1 4 75 103 76 110 80 111 79 108
28   1 1 4 76 105 77 112 81 113 80 110
29   1 1 4 20 107 78 114 82 115 25 64
30   1 1 4 78 109 79 116 83 117 82 114
31   1 1 4 79 111 80 118 84 119 83 116
32   1 1 4 80 113 81 120 85 121 84 118
33   1 1 4 122 288 123 289 128 290 127 291
34   1 1 4 123 292 124 293 129 294 128 289
35   1 1 4 124 295 125 296 130 297 129 293
36   1 1 4 125 298 126 299 131 300 130 296
37   1 1 4 127 290 128 301 133 302 132 303
38   1 1 4 128 294 129 304 134 305 133 301
39   1 1 4 129 297 130 306 135 307 134 304
40   1 1 4 130 300 131 308 136 309 135 306
41   1 1 4 132 302 133 310 138 311 137 312
42   1 1 4 133 305 134 313 139 314 138 310
43   1 1 4 134 307 135 315 140 316 139 313
44   1 1 4 135 309 136 317 141 318 140 315
45   1 1 4 137 311 138 319 143 320 142 321
46   1 1 4 138 314 139 322 144 323 143 319
47   1 1 4 139 316 140 324 145 325 144 322
48   1 1 4 140 318 141 326 146 327 145 324
49   1 1 4 142 320 143 328 148 329 147 330
50   1 1 4 143 323 144 331 149 332 148 328
51   1 1 4 144 325 145 333 150 334 149 331
52   1 1 4 145 327 146 335 151 336 150 333
53   1 1 4 147 329 148 337 2 26 1 338
54   1 1 4 148 332 149 339 3 30 2 337
55   1 1 4 149 334 150 340 4 33 3 339
56   1 1 4 150 336 151 341 5 36 4 340
57   1 1 4 1 342 152 343 160 344 147 338
58   1 1 4 152 345 153 346 161 347 160 343
59   1 1 4 153 348 154 349 162 350 161 346
60   1 1 4 154 351 155 352 163 353 162 349
61   1 1 4 155 354 156 355 164 356 163 352
62   1 1 4 156 357 157 358 165 359 164 355
63   1 1 4 157 360 158 361 166 362 165 358
64   1 1 4 158 363 159 364 167 365 166 361
65   1 1 4 147 344 160 366 168 367 142 330
66   1 1 4 160 347 161 368 169 369 168 366
67   1 1 4 161 350 162 370 170 371 169 368
68   1 1 4 162 353 163 372 171 373 170 370
69   1 1 4 163 356 164 374 172 375 171 372
70   1 1 4 164 359 165 376 173 377 172 374
71   1 1 4 165 362 166 378 174 379 173 376
72   1 1 4 166 365 167 380 175 381 174 378
73   1 1 4 142 367 168 382 176 383 137 321
74   1 1 4 168 369 169 384 177 385 176 382
75   1 1 4 169 371 170 386 178 387 177 384
76   1 1 4 170 373 171 388 179 389 178 386
77   1 1 4 171 375 172 390 180 391 179 388
78   1 1 4 172 377 173 392 181 393 180 390
79   1 1 4 173 379 174 394 182 395 181 392
80   1 1 4 174 381 175 396 183 397 182 394
81   1 1 4 137 383 176 398 184 399 132 312
82   1 1 4 176 385 177 400 185 401 184 398
83   1 1 4 177 387 178 402 186 403 185 400
84   1 1 4 178 389 179 404 187 405 186 402
85   1 1 4 179 391 180 406 188 407 187 404
86   1 1 4 180 393 181 408 189 409 188 406
87   1 1 4 181 395 182 410 190 411 189 408
88   1 1 4 182 397 183 412 191 413 190 410
89   1 1 4 132 399 184 414 192 415 127 303
90   1 1 4 184 401 185 416 193 417 192 414
91   1 1 4 185 403 186 418 194 419 193 416
92   1 1 4 186 405 187 420 195 421 194 418
93   1 1 4 187 407 188 422 196 423 195 420
94   1 1 4 188 409 189 424 197 425 196 422
95   1 1 4 189 411 190 426 198 427 197 424
96   1 1 4 190 413 191 428 199 429 198 426
97   1 1 4 127 415 192 430 200 431 122 291
98   1 1 4 192 417 193 432 201 433 200 430
99   1 1 4 193 419 194 434 202 435 201 432
100   1 1 4 194 421 195 436 203 437 202 434
101   1 1 4 195 423 196 438 204 439 203 436
102   1 1 4 196 425 197 440 205 441 204 438
103   1 1 4 197 427 198 442 206 443 205 440
104   1 1 4 198 429 199 444 207 445 206 442
105   1 1 4 207 446 208 447 212 448 206 445
106   1 1 4 208 449 209 450 213 451 212 447
107   1 1 4 209 452 210 453 214 454 213 450
108   1 1 4 210 455 211 456 215 457 214 453
109   1 1 4 206 448 212 458 216 459 205 443
110   1 1 4 212 451 213 460 217 461 216 458
111   1 1 4 213 454 214 462 218 463 217 460
112   1 1 4 214 457 215 464 219 465 218 462
113   1 1 4 205 459 216 466 220 467 204 441
114   1 1 4 216 461 217 468 221 469 220 466
115   1 1 4 217 463 218 470 222 471 221 468
116   1 1 4 218 465 219 472 223 473 222 470
117   1 1 4 204 467 220 474 224 475 203 439
118   1 1 4 220 469 221 476 225 477 224 474
119   1 1 4 221 471 222 478 226 479 225 476
120   1 1 4 222 473 223 480 227 481 226 478
121   1 1 4 203 475 224 482 228 483 202 437
122   1 1 4 224 477 225 484 229 485 228 482
123   1 1 4 225 479 226 486 230 487 229 484
124   1 1 4 226 481 227 488 231 489 230 486
125   1 1 4 202 483 228 490 232 491 201 435
126   1 1 4 228 485 229 492 233 493 232 490
127   1 1 4 229 487 230 494 234 495 233 492
128   1 1 4 230 489 231 496 235 497 234 494
129   1 1 4 201 491 232 498 236 499 200 433
130   1 1 4 232 493 233 500 237 501 236 498
131   1 1 4 233 495 234 502 238 503 237 500
132   1 1 4 234 497 235 504 239 505 238 502
133   1 1 4 200 499 236 506 123 288 122 431
134   1 1 4 236 501 237 507 124 292 123 506
135   1 1 4 237 503 238 508 125 295 124 507
136   1 1 4 238 505 239 509 126 298 125 508
137   1 1 4 211 510 240 511 246 512 215 456
138   1 1 4 240 513 241 514 247 515 246 511
139   1 1 4 241 516 242 517 248 518 247 514
140   1 1 4 242 519 243 520 249 521 248 517
141   1 1 4 243 522 244 523 250 524 249 520
142   1 1 4 244 525 245 526 251 527 250 523
143   1 1 4 215 512 246 528 252 529 219 464
144   1 1 4 246 515 247 530 253 531 252 528
145   1 1 4 247 518 248 532 254 533 253 530
146   1 1 4 248 521 249 534 255 535 254 532
147   1 1 4 249 524 250 536 256 537 255 534
148   1 1 4 250 527 251 538 257 539 256 536
149   1 1 4 219 529 252 540 258 541 223 472
150   1 1 4 252 531 253 542 259 543 258 540
151   1 1 4 253 533 254 544 260 545 259 542
152   1 1 4 254 535 255 546 261 547 260 544
153   1 1 4 255 537 256 548 262 549 261 546
154   1 1 4 256 539 257 550 263 551 262 548
155   1 1 4 223 541 258 552 264 553 227 480
156   1 1 4 258 543 259 554 265 555 264 552
157   1 1 4 259 545 260 556 266 557 265 554
158   1 1 4 260 547 261 558 267 559 266 556
159   1 1 4 261 549 262 560 268 561 267 558
160   1 1 4 262 551 263 562 269 563 268 560
161   1 1 4 227 553 264 564 270 565 231 488
162   1 1 4 264 555 265 566 271 567 270 564
163   1 1 4 265 557 266 568 272 569 271 566
164   1 1 4 266 559 267 570 273 571 272 568
165   1 1 4 267 561 268 572 274 573 273 570
166   1 1 4 268 563 269 574 275 575 274 572
167   1 1 4 231 565 270 576 276 577 235 496
168   1 1 4 270 567 271 578 277 579 276 576
169   1 1 4 271 569 272 580 278 581 277 578
170   1 1 4 272 571 273 582 279 583 278 580
171   1 1 4 273 573 274 584 280 585 279 582
172   1 1 4 274 575 275 586 281 587 280 584
173   1 1 4 235 577 276 588 282 589 239 504
174   1 1 4 276 579 277 590 283 591 282 588
175   1 1 4 277 581 278 592 284 593 283 590
176   1 1 4 278 583 279 594 285 595 284 592
177   1 1 4 279 585 280 596 286 597 285 594
178   1 1 4 280 587 281 598 287 599 286 596
179   1 1 4 239 589 282 600 131 299 126 509
180   1 1 4 282 591 283 601 136 308 131 600
181   1 1 4 283 593 284 602 141 317 136 601
182   1 1 4 284 595 285 603 146 326 141 602
183   1 1 4 285 597 286 604 151 335 146 603
184   1 1 4 286 599 287 605 5 341 151 604
185   1 1 4 606 764 607 765 612 766 611 767
186   1 1 4 607 768 608 769 613 770 612 765
187   1 1 4 608 771 609 772 614 773 613 769
188   1 1 4 609 774 610 775 615 776 614 772
189   1 1 4 611 766 612 777 617 778 616 779
190   1 1 4 612 770 613 780 618 781 617 777
191   1 1 4 613 773 614 782 619 783 618 780
192   1 1 4 614 776 615 784 620 785 619 782
193   1 1 4 616 778 617 786 622 787 621 788
194   1 1 4 617 781 618 789 623 790 622 786
195   1 1 4 618 783 619 791 624 792 623 789
196   1 1 4 619 785 620 793 625 794 624 791
197   1 1 4 621 787 622 795 627 796 626 797
198   1 1 4 622 790 623 798 628 799 627 795
199   1 1 4 623 792 624 800 629 801 628 798
200   1 1 4 624 794 625 802 630 803 629 800
201   1 1 4 626 796 627 804 632 805 631 806
202   1 1 4 627 799 628 807 633 808 632 804
203   1 1 4 628 801 629 809 634 810 633 807
204   1 1 4 629 803 630 811 635 812 634 809
205   1 1 4 631 805 632 813 66 86 5 814
206   1 1 4 632 808 633 815 67 89 66 813
207   1 1 4 633 810 634 816 68 92 67 815
208   1 1 4 634 812 635 817 69 95 68 816
209   1 1 4 5 605 287 818 636 819 631 814
210   1 1 4 287 598 281 820 637 821 636 818
211   1 1 4 281 586 275 822 638 823 637 820
212   1 1 4 275 574 269 824 639 825 638 822
213   1 1 4 269 562 263 826 640 827 639 824
214   1 1 4 263 550 257 828 641 829 640 826
215   1 1 4 257 538 251 830 642 831 641 828
216   1 1 4 251 526 245 832 643 833 642 830
217   1 1 4 631 819 636 834 644 835 626 806
218   1 1 4 636 821 637 836 645 837 644 834
219   1 1 4 637 823 638 838 646 839 645 836
220   1 1 4 638 825 639 840 647 841 646 838
221   1 1 4 639 827 640 842 648 843 647 840
222   1 1 4 640 829 641 844 649 845 648 842
223   1 1 4 641 831 642 846 650 847 649 844
224   1 1 4 642 833 643 848 651 849 650 846
225   1 1 4 626 835 644 850 652 851 621 797
226   1 1 4 644 837 645 852 653 853 652 850
227   1 1 4 645 839 646 854 654 855 653 852
228   1 1 4 646 841 647 856 655 857 654 854
229   1 1 4 647 843 648 858 656 859 655 856
230   1 1 4 648 845 649 860 657 861 656 858
231   1 1 4 649 847 650 862 658 863 657 860
232   1 1 4 650 849 651 864 659 865 658 862
233   1 1 4 621 851 652 866 660 867 616 788
234   1 1 4 652 853 653 868 661 869 660 866
235   1 1 4 653 855 654 870 662 871 661 868
236   1 1 4 654 857 655 872 663 873 662 870
237   1 1 4 655 859 656 874 664 875 663 872
238   1 1 4 656 861 657 876 665 877 664 874
239   1 1 4 657 863 658 878 666 879 665 876
240   1 1 4 658 865 659 880 667 881 666 878
241   1 1 4 616 867 660 882 668 883 611 779
242   1 1 4 660 869 661 884 669 885 668 882
243   1 1 4 661 871 662 886 670 887 669 884
244   1 1 4 662 873 663 888 671 889 670 886
245   1 1 4 663 875 664 890 672 891 671 888
246   1 1 4 664 877 665 892 673 893 672 890
247   1 1 4 665 879 666 894 674 895 673 892
248   1 1 4 666 881 667 896 675 897 674 894
249   1 1 4 611 883 668 898 676 899 606 767
250   1 1 4 668 885 669 900 677 901 676 898
251   1 1 4 669 887 670 902 678 903 677 900
252   1 1 4 670 889 671 904 679 905 678 902
253   1 1 4 671 891 672 906 680 907 679 904
254   1 1 4 672 893 673 908 681 909 680 906
255   1 1 4 673 895 674 910 682 911 681 908
256   1 1 4 674 897 675 912 683 913 682 910
257   1 1 4 683 914 684 915 688 916 682 913
258   1 1 4 684 917 685 918 689 919 688 915
259   1 1 4 685 920 686 921 690 922 689 918
260   1 1 4 686 923 687 924 691 925 690 921
261   1 1 4 682 916 688 926 692 927 681 911
262   1 1 4 688 919 689 928 693 929 692 926
263   1 1 4 689 922 690 930 694 931 693 928
264   1 1 4 690 925 691 932 695 933 694 930
265   1 1 4 681 927 692 934 696 935 680 909
266   1 1 4 692 929 693 936 697 937 696 934
267   1 1 4 693 931 694 938 698 939 697 936
268   1 1 4 694 933 695 940 699 941 698 938
269   1 1 4 680 935 696 942 700 943 679 907
270   1 1 4 696 937 697 944 701 945 700 942
271   1 1 4 697 939 698 946 702 947 701 944
272   1 1 4 698 941 699 948 703 949 702 946
273   1 1 4 679 943 700 950 704 951 678 905
274   1 1 4 700 945 701 952 705 953 704 950
275   1 1 4 701 947 702 954 706 955 705 952
276   1 1 4 702 949 703 956 707 957 706 954
277   1 1 4 678 951 704 958 708 959 677 903
278   1 1 4 704 953 705 960 709 961 708 958
279   1 1 4 705 955 706 962 710 963 709 960
280   1 1 4 706 957 707 964 711 965 710 962
281   1 1 4 677 959 708 966 712 967 676 901
282   1 1 4 708 961 709 968 713 969 712 966
283   1 1 4 709 963 710 970 714 971 713 968
284   1 1 4 710 965 711 972 715 973 714 970
285   1 1 4 676 967 712 974 607 764 606 899
286   1 1 4 712 969 713 975 608 768 607 974
287   1 1 4 713 971 714 976 609 771 608 975
288   1 1 4 714 973 715 977 610 774 609 976
289   1 1 4 687 978 716 979 722 980 691 924
290   1 1 4 716 981 717 982 723 983 722 979
291   1 1 4 717 984 718 985 724 986 723 982
292   1 1 4 718 987 719 988 725 989 724 985
293   1 1 4 719 990 720 991 726 992 725 988
294   1 1 4 720 993 721 994 727 995 726 991
295   1 1 4 691 980 722 996 728 997 695 932
296   1 1 4 722 983 723 998 729 999 728 996
297   1 1 4 723 986 724 1000 730 1001 729 998
298   1 1 4 724 989 725 1002 731 1003 730 1000
299   1 1 4 725 992 726 1004 732 1005 731 1002
300   1 1 4 726 995 727 1006 733 1007 732 1004
301   1 1 4 695 997 728 1008 734 1009 699 940
302   1 1 4 728 999 729 1010 735 1011 734 1008
303   1 1 4 729 1001 730 1012 736 1013 735 1010
304   1 1 4 730 1003 731 1014 737 1015 736 1012
305   1 1 4 731 1005 732 1016 738 1017 737 1014
306   1 1 4 732 1007 733 1018 739 1019 738 1016
307   1 1 4 699 1009 734 1020 740 1021 703 948
308   1 1 4 734 1011 735 1022 741 1023 740 1020
309   1 1 4 735 1013 736 1024 742 1025 741 1022
310   1 1 4 736 1015 737 1026 743 1027 742 1024
311   1 1 4 737 1017 738 1028 744 1029 743 1026
312   1 1 4 738 1019 739 1030 745 1031 744 1028
313   1 1 4 703 1021 740 1032 746 1033 707 956
314   1 1 4 740 1023 741 1034 747 1035 746 1032
315   1 1 4 741 1025 742 1036 748 1037 747 1034
316   1 1 4 742 1027 743 1038 749 1039 748 1036
317   1 1 4 743 1029 744 1040 750 1041 749 1038
318   1 1 4 744 1031 745 1042 751 1043 750 1040
319   1 1 4 707 1033 746 1044 752 1045 711 964
320   1 1 4 746 1035 747 1046 753 1047 752 1044
321   1 1 4 747 1037 748 1048 754 1049 753 1046
322   1 1 4 748 1039 749 1050 755 1051 754 1048
323   1 1 4 749 1041 750 1052 756 1053 755 1050
324   1 1 4 750 1043 751 1054 757 1055 756 1052
325   1 1 4 711 1045 752 1056 758 1057 715 972
326   1 1 4 752 1047 753 1058 759 1059 758 1056
327   1 1 4 753 1049 754 1060 760 1061 759 1058
328   1 1 4 754 1051 755 1062 761 1063 760 1060
329   1 1 4 755 1053 756 1064 762 1065 761 1062
330   1 1 4 756 1055 757 1066 763 1067 762 1064
331   1 1 4 715 1057 758 1068 615 775 610 977
332   1 1 4 758 1059 759 1069 620 784 615 1068
333   1 1 4 759 1061 760 1070 625 793 620 1069
334   1 1 4 760 1063 761 1071 630 802 625 1070
335   1 1 4 761 1065 762 1072 635 811 630 1071
336   1 1 4 762 1067 763 1073 69 817 635 1072

%LOAD
1
1	'Load_Case_1'

%LOAD.CASE
1

%LOAD.CASE.LINE.FORCE.UNIFORM
8
13	21	22	0	1.000000	1.000000	0.000000
14	22	23	0	1.000000	1.000000	0.000000
15	23	24	0	1.000000	1.000000	0.000000
16	24	25	0	1.000000	1.000000	0.000000
32	85	84	0	1.000000	1.000000	0.000000
31	84	83	0	1.000000	1.000000	0.000000
30	83	82	0	1.000000	1.000000	0.000000
29	82	25	0	1.000000	1.000000	0.000000

%END