%HEADER
Output file created by FEMEP (version October/2021).
'File created by FEMEP program'

%HEADER.ANALYSIS
'plane_stress'

%NODE
28

%NODE.COORD
28
1 0.000000 500.000000 0.000000
2 0.000000 250.000000 0.000000
3 0.000000 0.000000 0.000000
4 500.000000 500.000000 0.000000
5 500.000000 0.000000 0.000000
6 1000.000000 500.000000 0.000000
7 1000.000000 250.000000 0.000000
8 1000.000000 0.000000 0.000000
9 1500.000000 500.000000 0.000000
10 1500.000000 0.000000 0.000000
11 2000.000000 500.000000 0.000000
12 2000.000000 250.000000 0.000000
13 2000.000000 0.000000 0.000000
14 2500.000000 500.000000 0.000000
15 2500.000000 0.000000 0.000000
16 3000.000000 500.000000 0.000000
17 3000.000000 250.000000 0.000000
18 3000.000000 0.000000 0.000000
19 3500.000000 500.000000 0.000000
20 3500.000000 0.000000 0.000000
21 4000.000000 500.000000 0.000000
22 4000.000000 250.000000 0.000000
23 4000.000000 0.000000 0.000000
24 4500.000000 500.000000 0.000000
25 4500.000000 0.000000 0.000000
26 5000.000000 500.000000 0.000000
27 5000.000000 250.000000 0.000000
28 5000.000000 0.000000 0.000000

%NODE.SUPPORT
2
1 1 1 0 0 0 1
3 1 1 0 0 0 1

%MATERIAL
1

%MATERIAL.LABEL
1
1 'material'

%MATERIAL.ISOTROPIC
1
1 30000.0 0.300000

%THICKNESS
1
1 100.000000

%INTEGRATION.ORDER
4
1 1 1 1 1 1 1
2 3 3 1 3 3 1
3 1 1 1 1 1 1
4 2 2 1 2 2 1

%ELEMENT
5

%ELEMENT.Q8
5
1 1 1 4 1 2 3 5 8 7 6 4
2 1 1 4 6 7 8 10 13 12 11 9
3 1 1 4 11 12 13 15 18 17 16 14
4 1 1 4 16 17 18 20 23 22 21 19
5 1 1 4 21 22 23 25 28 27 26 24

%LOAD
1
1	'Load_Case_1'

%LOAD.CASE
1

%LOAD.CASE.NODAL.FORCES
1
26 0.000000	-1000.000000 0.000000 0.000000 0.000000 0.000000

%END