%HEADER
Output file created by FEMEP (version April/2023).
'File created by FEMEP program'

%HEADER.ANALYSIS
'plane_stress ISOPARAMETRIC'

%NODE
661

%NODE.COORD
661
1   0.000000 4.000000 0.000000
2   -0.200000 4.000000 0.000000
3   -0.400000 4.000000 0.000000
4   -0.600000 4.000000 0.000000
5   -0.800000 4.000000 0.000000
6   -1.000000 4.000000 0.000000
7   -1.200000 4.000000 0.000000
8   -1.400000 4.000000 0.000000
9   -1.600000 4.000000 0.000000
10   -1.800000 4.000000 0.000000
11   -2.000000 4.000000 0.000000
12   -2.200000 4.000000 0.000000
13   -2.400000 4.000000 0.000000
14   -2.600000 4.000000 0.000000
15   -2.800000 4.000000 0.000000
16   -3.000000 4.000000 0.000000
17   -3.200000 4.000000 0.000000
18   -3.400000 4.000000 0.000000
19   -3.600000 4.000000 0.000000
20   -3.800000 4.000000 0.000000
21   -4.000000 4.000000 0.000000
22   -4.000000 3.800000 0.000000
23   -4.000000 3.600000 0.000000
24   -4.000000 3.400000 0.000000
25   -4.000000 3.200000 0.000000
26   -4.000000 3.000000 0.000000
27   -4.000000 2.800000 0.000000
28   -4.000000 2.600000 0.000000
29   -4.000000 2.400000 0.000000
30   -4.000000 2.200000 0.000000
31   -4.000000 2.000000 0.000000
32   -4.000000 1.800000 0.000000
33   -4.000000 1.600000 0.000000
34   -4.000000 1.400000 0.000000
35   -4.000000 1.200000 0.000000
36   -4.000000 1.000000 0.000000
37   -4.000000 0.800000 0.000000
38   -4.000000 0.600000 0.000000
39   -4.000000 0.400000 0.000000
40   -4.000000 0.200000 0.000000
41   -4.000000 0.000000 0.000000
42   0.000000 3.850000 0.000000
43   -0.383583 3.849871 0.000000
44   -0.767246 3.849472 0.000000
45   -1.150959 3.848784 0.000000
46   -1.534691 3.847793 0.000000
47   -1.918405 3.846489 0.000000
48   -2.302063 3.844869 0.000000
49   -2.685627 3.842933 0.000000
50   -3.069055 3.840691 0.000000
51   -3.452310 3.838158 0.000000
52   -3.835355 3.835355 0.000000
53   -3.838158 3.452310 0.000000
54   -3.840691 3.069055 0.000000
55   -3.842933 2.685627 0.000000
56   -3.844869 2.302063 0.000000
57   -3.846489 1.918405 0.000000
58   -3.847793 1.534691 0.000000
59   -3.848784 1.150959 0.000000
60   -3.849472 0.767246 0.000000
61   -3.849871 0.383583 0.000000
62   -3.850000 0.000000 0.000000
63   0.000000 3.700000 0.000000
64   -0.183583 3.699871 0.000000
65   -0.367167 3.699743 0.000000
66   -0.550829 3.699344 0.000000
67   -0.734492 3.698944 0.000000
68   -0.918205 3.698256 0.000000
69   -1.101918 3.697568 0.000000
70   -1.285650 3.696577 0.000000
71   -1.469381 3.695586 0.000000
72   -1.653095 3.694283 0.000000
73   -1.836809 3.692979 0.000000
74   -2.020468 3.691358 0.000000
75   -2.204127 3.689738 0.000000
76   -2.387690 3.687802 0.000000
77   -2.571254 3.685866 0.000000
78   -2.754682 3.683625 0.000000
79   -2.938111 3.681383 0.000000
80   -3.121366 3.678849 0.000000
81   -3.304621 3.676316 0.000000
82   -3.487666 3.673513 0.000000
83   -3.670711 3.670711 0.000000
84   -3.673513 3.487666 0.000000
85   -3.676316 3.304621 0.000000
86   -3.678849 3.121366 0.000000
87   -3.681383 2.938111 0.000000
88   -3.683625 2.754682 0.000000
89   -3.685866 2.571254 0.000000
90   -3.687802 2.387690 0.000000
91   -3.689738 2.204127 0.000000
92   -3.691358 2.020468 0.000000
93   -3.692979 1.836809 0.000000
94   -3.694283 1.653095 0.000000
95   -3.695586 1.469381 0.000000
96   -3.696577 1.285650 0.000000
97   -3.697568 1.101918 0.000000
98   -3.698256 0.918205 0.000000
99   -3.698944 0.734492 0.000000
100   -3.699344 0.550829 0.000000
101   -3.699743 0.367167 0.000000
102   -3.699871 0.183583 0.000000
103   -3.700000 0.000000 0.000000
104   0.000000 3.550000 0.000000
105   -0.350750 3.549614 0.000000
106   -0.701738 3.548417 0.000000
107   -1.052877 3.546353 0.000000
108   -1.404072 3.543379 0.000000
109   -1.755214 3.539468 0.000000
110   -2.106190 3.534606 0.000000
111   -2.456881 3.528800 0.000000
112   -2.807166 3.522074 0.000000
113   -3.156931 3.514474 0.000000
114   -3.506066 3.506066 0.000000
115   -3.514474 3.156931 0.000000
116   -3.522074 2.807166 0.000000
117   -3.528800 2.456881 0.000000
118   -3.534606 2.106190 0.000000
119   -3.539468 1.755214 0.000000
120   -3.543379 1.404072 0.000000
121   -3.546353 1.052877 0.000000
122   -3.548417 0.701738 0.000000
123   -3.549614 0.350750 0.000000
124   -3.550000 0.000000 0.000000
125   0.000000 3.400000 0.000000
126   -0.167167 3.399743 0.000000
127   -0.334334 3.399486 0.000000
128   -0.501659 3.398687 0.000000
129   -0.668984 3.397889 0.000000
130   -0.836410 3.396513 0.000000
131   -1.003836 3.395137 0.000000
132   -1.171299 3.393155 0.000000
133   -1.338762 3.391173 0.000000
134   -1.506191 3.388565 0.000000
135   -1.673619 3.385958 0.000000
136   -1.840936 3.382716 0.000000
137   -2.008253 3.379475 0.000000
138   -2.175381 3.375604 0.000000
139   -2.342508 3.371733 0.000000
140   -2.509365 3.367249 0.000000
141   -2.676222 3.362765 0.000000
142   -2.842731 3.357699 0.000000
143   -3.009241 3.352633 0.000000
144   -3.175331 3.347027 0.000000
145   -3.341421 3.341421 0.000000
146   -3.347027 3.175331 0.000000
147   -3.352633 3.009241 0.000000
148   -3.357699 2.842731 0.000000
149   -3.362765 2.676222 0.000000
150   -3.367249 2.509365 0.000000
151   -3.371733 2.342508 0.000000
152   -3.375604 2.175381 0.000000
153   -3.379475 2.008253 0.000000
154   -3.382716 1.840936 0.000000
155   -3.385958 1.673619 0.000000
156   -3.388565 1.506191 0.000000
157   -3.391173 1.338762 0.000000
158   -3.393155 1.171299 0.000000
159   -3.395137 1.003836 0.000000
160   -3.396513 0.836410 0.000000
161   -3.397889 0.668984 0.000000
162   -3.398687 0.501659 0.000000
163   -3.399486 0.334334 0.000000
164   -3.399743 0.167167 0.000000
165   -3.400000 0.000000 0.000000
166   0.000000 3.250000 0.000000
167   -0.317917 3.249357 0.000000
168   -0.636230 3.247361 0.000000
169   -0.954796 3.243921 0.000000
170   -1.273453 3.238966 0.000000
171   -1.592024 3.232447 0.000000
172   -1.910317 3.224344 0.000000
173   -2.228134 3.214666 0.000000
174   -2.545277 3.203457 0.000000
175   -2.861552 3.190791 0.000000
176   -3.176777 3.176777 0.000000
177   -3.190791 2.861552 0.000000
178   -3.203457 2.545277 0.000000
179   -3.214666 2.228134 0.000000
180   -3.224344 1.910317 0.000000
181   -3.232447 1.592024 0.000000
182   -3.238966 1.273453 0.000000
183   -3.243921 0.954796 0.000000
184   -3.247361 0.636230 0.000000
185   -3.249357 0.317917 0.000000
186   -3.250000 0.000000 0.000000
187   0.000000 3.100000 0.000000
188   -0.150750 3.099614 0.000000
189   -0.301501 3.099229 0.000000
190   -0.452488 3.098031 0.000000
191   -0.603476 3.096833 0.000000
192   -0.754615 3.094769 0.000000
193   -0.905755 3.092705 0.000000
194   -1.056949 3.089732 0.000000
195   -1.208144 3.086759 0.000000
196   -1.359286 3.082848 0.000000
197   -1.510428 3.078936 0.000000
198   -1.661404 3.074075 0.000000
199   -1.812380 3.069213 0.000000
200   -1.963071 3.063406 0.000000
201   -2.113761 3.057599 0.000000
202   -2.264047 3.050874 0.000000
203   -2.414333 3.044148 0.000000
204   -2.564097 3.036548 0.000000
205   -2.713862 3.028949 0.000000
206   -2.862997 3.020540 0.000000
207   -3.012132 3.012132 0.000000
208   -3.020540 2.862997 0.000000
209   -3.028949 2.713862 0.000000
210   -3.036548 2.564097 0.000000
211   -3.044148 2.414333 0.000000
212   -3.050874 2.264047 0.000000
213   -3.057599 2.113761 0.000000
214   -3.063406 1.963071 0.000000
215   -3.069213 1.812380 0.000000
216   -3.074075 1.661404 0.000000
217   -3.078936 1.510428 0.000000
218   -3.082848 1.359286 0.000000
219   -3.086759 1.208144 0.000000
220   -3.089732 1.056949 0.000000
221   -3.092705 0.905755 0.000000
222   -3.094769 0.754615 0.000000
223   -3.096833 0.603476 0.000000
224   -3.098031 0.452488 0.000000
225   -3.099229 0.301501 0.000000
226   -3.099614 0.150750 0.000000
227   -3.100000 0.000000 0.000000
228   0.000000 2.950000 0.000000
229   -0.285084 2.949100 0.000000
230   -0.570722 2.946305 0.000000
231   -0.856714 2.941489 0.000000
232   -1.142834 2.934552 0.000000
233   -1.428833 2.925426 0.000000
234   -1.714444 2.914081 0.000000
235   -1.999388 2.900533 0.000000
236   -2.283388 2.884839 0.000000
237   -2.566172 2.867107 0.000000
238   -2.847487 2.847487 0.000000
239   -2.867107 2.566172 0.000000
240   -2.884839 2.283388 0.000000
241   -2.900533 1.999388 0.000000
242   -2.914081 1.714444 0.000000
243   -2.925426 1.428833 0.000000
244   -2.934552 1.142834 0.000000
245   -2.941489 0.856714 0.000000
246   -2.946305 0.570722 0.000000
247   -2.949100 0.285084 0.000000
248   -2.950000 0.000000 0.000000
249   0.000000 2.800000 0.000000
250   -0.134334 2.799486 0.000000
251   -0.268668 2.798971 0.000000
252   -0.403318 2.797374 0.000000
253   -0.537968 2.795777 0.000000
254   -0.672820 2.793025 0.000000
255   -0.807673 2.790274 0.000000
256   -0.942599 2.786309 0.000000
257   -1.077525 2.782345 0.000000
258   -1.212381 2.777130 0.000000
259   -1.347238 2.771915 0.000000
260   -1.481872 2.765433 0.000000
261   -1.616507 2.758950 0.000000
262   -1.750761 2.751208 0.000000
263   -1.885015 2.743466 0.000000
264   -2.018729 2.734498 0.000000
265   -2.152443 2.725530 0.000000
266   -2.285463 2.715398 0.000000
267   -2.418482 2.705265 0.000000
268   -2.550663 2.694054 0.000000
269   -2.682843 2.682843 0.000000
270   -2.694054 2.550663 0.000000
271   -2.705265 2.418482 0.000000
272   -2.715398 2.285463 0.000000
273   -2.725530 2.152443 0.000000
274   -2.734498 2.018729 0.000000
275   -2.743466 1.885015 0.000000
276   -2.751208 1.750761 0.000000
277   -2.758950 1.616507 0.000000
278   -2.765433 1.481872 0.000000
279   -2.771915 1.347238 0.000000
280   -2.777130 1.212381 0.000000
281   -2.782345 1.077525 0.000000
282   -2.786309 0.942599 0.000000
283   -2.790274 0.807673 0.000000
284   -2.793025 0.672820 0.000000
285   -2.795777 0.537968 0.000000
286   -2.797374 0.403318 0.000000
287   -2.798971 0.268668 0.000000
288   -2.799486 0.134334 0.000000
289   -2.800000 0.000000 0.000000
290   0.000000 2.650000 0.000000
291   -0.252251 2.648843 0.000000
292   -0.505214 2.645250 0.000000
293   -0.758632 2.639058 0.000000
294   -1.012215 2.630138 0.000000
295   -1.265643 2.618405 0.000000
296   -1.518570 2.603819 0.000000
297   -1.770642 2.586399 0.000000
298   -2.021499 2.566222 0.000000
299   -2.270793 2.543423 0.000000
300   -2.518198 2.518198 0.000000
301   -2.543423 2.270793 0.000000
302   -2.566222 2.021499 0.000000
303   -2.586399 1.770642 0.000000
304   -2.603819 1.518570 0.000000
305   -2.618405 1.265643 0.000000
306   -2.630138 1.012215 0.000000
307   -2.639058 0.758632 0.000000
308   -2.645250 0.505214 0.000000
309   -2.648843 0.252251 0.000000
310   -2.650000 0.000000 0.000000
311   0.000000 2.500000 0.000000
312   -0.117917 2.499357 0.000000
313   -0.235835 2.498714 0.000000
314   -0.354147 2.496718 0.000000
315   -0.472460 2.494722 0.000000
316   -0.591025 2.491282 0.000000
317   -0.709591 2.487842 0.000000
318   -0.828249 2.482887 0.000000
319   -0.946906 2.477932 0.000000
320   -1.065477 2.471413 0.000000
321   -1.184047 2.464894 0.000000
322   -1.302341 2.456791 0.000000
323   -1.420634 2.448688 0.000000
324   -1.538451 2.439010 0.000000
325   -1.656269 2.429332 0.000000
326   -1.773412 2.418123 0.000000
327   -1.890554 2.406913 0.000000
328   -2.006829 2.394247 0.000000
329   -2.123103 2.381581 0.000000
330   -2.238328 2.367567 0.000000
331   -2.353553 2.353553 0.000000
332   -2.367567 2.238328 0.000000
333   -2.381581 2.123103 0.000000
334   -2.394247 2.006829 0.000000
335   -2.406913 1.890554 0.000000
336   -2.418123 1.773412 0.000000
337   -2.429332 1.656269 0.000000
338   -2.439010 1.538451 0.000000
339   -2.448688 1.420634 0.000000
340   -2.456791 1.302341 0.000000
341   -2.464894 1.184047 0.000000
342   -2.471413 1.065477 0.000000
343   -2.477932 0.946906 0.000000
344   -2.482887 0.828249 0.000000
345   -2.487842 0.709591 0.000000
346   -2.491282 0.591025 0.000000
347   -2.494722 0.472460 0.000000
348   -2.496718 0.354147 0.000000
349   -2.498714 0.235835 0.000000
350   -2.499357 0.117917 0.000000
351   -2.500000 0.000000 0.000000
352   0.000000 2.350000 0.000000
353   -0.219418 2.348586 0.000000
354   -0.439706 2.344194 0.000000
355   -0.660550 2.336626 0.000000
356   -0.881597 2.325725 0.000000
357   -1.102452 2.311384 0.000000
358   -1.322697 2.293557 0.000000
359   -1.541896 2.272266 0.000000
360   -1.759610 2.247604 0.000000
361   -1.975413 2.219740 0.000000
362   -2.188909 2.188909 0.000000
363   -2.219740 1.975413 0.000000
364   -2.247604 1.759610 0.000000
365   -2.272266 1.541896 0.000000
366   -2.293557 1.322697 0.000000
367   -2.311384 1.102452 0.000000
368   -2.325725 0.881597 0.000000
369   -2.336626 0.660550 0.000000
370   -2.344194 0.439706 0.000000
371   -2.348586 0.219418 0.000000
372   -2.350000 0.000000 0.000000
373   0.000000 2.200000 0.000000
374   -0.101501 2.199229 0.000000
375   -0.203002 2.198457 0.000000
376   -0.304977 2.196062 0.000000
377   -0.406952 2.193666 0.000000
378   -0.509231 2.189538 0.000000
379   -0.611509 2.185410 0.000000
380   -0.713898 2.179464 0.000000
381   -0.816287 2.173518 0.000000
382   -0.918572 2.165695 0.000000
383   -1.020857 2.157873 0.000000
384   -1.122809 2.148149 0.000000
385   -1.224760 2.138425 0.000000
386   -1.326142 2.126812 0.000000
387   -1.427523 2.115199 0.000000
388   -1.528094 2.101747 0.000000
389   -1.628665 2.088296 0.000000
390   -1.728194 2.073097 0.000000
391   -1.827724 2.057898 0.000000
392   -1.925994 2.041081 0.000000
393   -2.024264 2.024264 0.000000
394   -2.041081 1.925994 0.000000
395   -2.057898 1.827724 0.000000
396   -2.073097 1.728194 0.000000
397   -2.088296 1.628665 0.000000
398   -2.101747 1.528094 0.000000
399   -2.115199 1.427523 0.000000
400   -2.126812 1.326142 0.000000
401   -2.138425 1.224760 0.000000
402   -2.148149 1.122809 0.000000
403   -2.157873 1.020857 0.000000
404   -2.165695 0.918572 0.000000
405   -2.173518 0.816287 0.000000
406   -2.179464 0.713898 0.000000
407   -2.185410 0.611509 0.000000
408   -2.189538 0.509231 0.000000
409   -2.193666 0.406952 0.000000
410   -2.196062 0.304977 0.000000
411   -2.198457 0.203002 0.000000
412   -2.199229 0.101501 0.000000
413   -2.200000 0.000000 0.000000
414   0.000000 2.050000 0.000000
415   -0.186585 2.048328 0.000000
416   -0.374198 2.043138 0.000000
417   -0.562469 2.034195 0.000000
418   -0.750978 2.021311 0.000000
419   -0.939262 2.004362 0.000000
420   -1.126824 1.983294 0.000000
421   -1.313149 1.958132 0.000000
422   -1.497721 1.928987 0.000000
423   -1.680034 1.896056 0.000000
424   -1.859619 1.859619 0.000000
425   -1.896056 1.680034 0.000000
426   -1.928987 1.497721 0.000000
427   -1.958132 1.313149 0.000000
428   -1.983294 1.126824 0.000000
429   -2.004362 0.939262 0.000000
430   -2.021311 0.750978 0.000000
431   -2.034195 0.562469 0.000000
432   -2.043138 0.374198 0.000000
433   -2.048328 0.186585 0.000000
434   -2.050000 0.000000 0.000000
435   0.000000 1.900000 0.000000
436   -0.085084 1.899100 0.000000
437   -0.170169 1.898200 0.000000
438   -0.255806 1.895405 0.000000
439   -0.341444 1.892610 0.000000
440   -0.427436 1.887795 0.000000
441   -0.513428 1.882979 0.000000
442   -0.599548 1.876041 0.000000
443   -0.685668 1.869104 0.000000
444   -0.771667 1.859978 0.000000
445   -0.857666 1.850852 0.000000
446   -0.943277 1.839507 0.000000
447   -1.028887 1.828163 0.000000
448   -1.113832 1.814614 0.000000
449   -1.198776 1.801065 0.000000
450   -1.282776 1.785372 0.000000
451   -1.366776 1.769678 0.000000
452   -1.449560 1.751946 0.000000
453   -1.532344 1.734214 0.000000
454   -1.613660 1.714594 0.000000
455   -1.694975 1.694975 0.000000
456   -1.714594 1.613660 0.000000
457   -1.734214 1.532344 0.000000
458   -1.751946 1.449560 0.000000
459   -1.769678 1.366776 0.000000
460   -1.785372 1.282776 0.000000
461   -1.801065 1.198776 0.000000
462   -1.814614 1.113832 0.000000
463   -1.828163 1.028887 0.000000
464   -1.839507 0.943277 0.000000
465   -1.850852 0.857666 0.000000
466   -1.859978 0.771667 0.000000
467   -1.869104 0.685668 0.000000
468   -1.876041 0.599548 0.000000
469   -1.882979 0.513428 0.000000
470   -1.887795 0.427436 0.000000
471   -1.892610 0.341444 0.000000
472   -1.895405 0.255806 0.000000
473   -1.898200 0.170169 0.000000
474   -1.899100 0.085084 0.000000
475   -1.900000 0.000000 0.000000
476   0.000000 1.750000 0.000000
477   -0.153752 1.748071 0.000000
478   -0.308690 1.742083 0.000000
479   -0.464387 1.731763 0.000000
480   -0.620359 1.716897 0.000000
481   -0.776071 1.697341 0.000000
482   -0.930951 1.673032 0.000000
483   -1.084403 1.643999 0.000000
484   -1.235831 1.610370 0.000000
485   -1.384655 1.572372 0.000000
486   -1.530330 1.530330 0.000000
487   -1.572372 1.384655 0.000000
488   -1.610370 1.235831 0.000000
489   -1.643999 1.084403 0.000000
490   -1.673032 0.930951 0.000000
491   -1.697341 0.776071 0.000000
492   -1.716897 0.620359 0.000000
493   -1.731763 0.464387 0.000000
494   -1.742083 0.308690 0.000000
495   -1.748071 0.153752 0.000000
496   -1.750000 0.000000 0.000000
497   0.000000 1.600000 0.000000
498   -0.068668 1.598971 0.000000
499   -0.137335 1.597943 0.000000
500   -0.206636 1.594749 0.000000
501   -0.275936 1.591555 0.000000
502   -0.345641 1.586051 0.000000
503   -0.415346 1.580547 0.000000
504   -0.485198 1.572619 0.000000
505   -0.555050 1.564691 0.000000
506   -0.624763 1.554261 0.000000
507   -0.694476 1.543831 0.000000
508   -0.763745 1.530866 0.000000
509   -0.833014 1.517901 0.000000
510   -0.901522 1.502416 0.000000
511   -0.970030 1.486932 0.000000
512   -1.037458 1.468996 0.000000
513   -1.104887 1.451061 0.000000
514   -1.170926 1.430796 0.000000
515   -1.236965 1.410530 0.000000
516   -1.301325 1.388108 0.000000
517   -1.365685 1.365685 0.000000
518   -1.388108 1.301325 0.000000
519   -1.410530 1.236965 0.000000
520   -1.430796 1.170926 0.000000
521   -1.451061 1.104887 0.000000
522   -1.468996 1.037458 0.000000
523   -1.486932 0.970030 0.000000
524   -1.502416 0.901522 0.000000
525   -1.517901 0.833014 0.000000
526   -1.530866 0.763745 0.000000
527   -1.543831 0.694476 0.000000
528   -1.554261 0.624763 0.000000
529   -1.564691 0.555050 0.000000
530   -1.572619 0.485198 0.000000
531   -1.580547 0.415346 0.000000
532   -1.586051 0.345641 0.000000
533   -1.591555 0.275936 0.000000
534   -1.594749 0.206636 0.000000
535   -1.597943 0.137335 0.000000
536   -1.598971 0.068668 0.000000
537   -1.600000 0.000000 0.000000
538   0.000000 1.450000 0.000000
539   -0.120919 1.447814 0.000000
540   -0.243182 1.441027 0.000000
541   -0.366305 1.429331 0.000000
542   -0.489740 1.412484 0.000000
543   -0.612881 1.390320 0.000000
544   -0.735077 1.362769 0.000000
545   -0.855657 1.329865 0.000000
546   -0.973942 1.291752 0.000000
547   -1.089275 1.248688 0.000000
548   -1.201041 1.201041 0.000000
549   -1.248688 1.089275 0.000000
550   -1.291752 0.973942 0.000000
551   -1.329865 0.855657 0.000000
552   -1.362769 0.735077 0.000000
553   -1.390320 0.612881 0.000000
554   -1.412484 0.489740 0.000000
555   -1.429331 0.366305 0.000000
556   -1.441027 0.243182 0.000000
557   -1.447814 0.120919 0.000000
558   -1.450000 0.000000 0.000000
559   0.000000 1.300000 0.000000
560   -0.052251 1.298843 0.000000
561   -0.104502 1.297686 0.000000
562   -0.157465 1.294092 0.000000
563   -0.210428 1.290499 0.000000
564   -0.263846 1.284307 0.000000
565   -0.317264 1.278115 0.000000
566   -0.370847 1.269196 0.000000
567   -0.424431 1.260277 0.000000
568   -0.477858 1.248543 0.000000
569   -0.531285 1.236809 0.000000
570   -0.584213 1.222224 0.000000
571   -0.637141 1.207638 0.000000
572   -0.689212 1.190218 0.000000
573   -0.741284 1.172798 0.000000
574   -0.792141 1.152621 0.000000
575   -0.842998 1.132443 0.000000
576   -0.892292 1.109645 0.000000
577   -0.941586 1.086847 0.000000
578   -0.988991 1.061621 0.000000
579   -1.036396 1.036396 0.000000
580   -1.061621 0.988991 0.000000
581   -1.086847 0.941586 0.000000
582   -1.109645 0.892292 0.000000
583   -1.132443 0.842998 0.000000
584   -1.152621 0.792141 0.000000
585   -1.172798 0.741284 0.000000
586   -1.190218 0.689212 0.000000
587   -1.207638 0.637141 0.000000
588   -1.222224 0.584213 0.000000
589   -1.236809 0.531285 0.000000
590   -1.248543 0.477858 0.000000
591   -1.260277 0.424431 0.000000
592   -1.269196 0.370847 0.000000
593   -1.278115 0.317264 0.000000
594   -1.284307 0.263846 0.000000
595   -1.290499 0.210428 0.000000
596   -1.294092 0.157465 0.000000
597   -1.297686 0.104502 0.000000
598   -1.298843 0.052251 0.000000
599   -1.300000 0.000000 0.000000
600   0.000000 1.150000 0.000000
601   -0.088086 1.147557 0.000000
602   -0.177674 1.139971 0.000000
603   -0.268223 1.126900 0.000000
604   -0.359121 1.108070 0.000000
605   -0.449690 1.083299 0.000000
606   -0.539204 1.052507 0.000000
607   -0.626911 1.015732 0.000000
608   -0.712053 0.973135 0.000000
609   -0.793896 0.925005 0.000000
610   -0.871751 0.871751 0.000000
611   -0.925005 0.793896 0.000000
612   -0.973135 0.712053 0.000000
613   -1.015732 0.626911 0.000000
614   -1.052507 0.539204 0.000000
615   -1.083299 0.449690 0.000000
616   -1.108070 0.359121 0.000000
617   -1.126900 0.268223 0.000000
618   -1.139971 0.177674 0.000000
619   -1.147557 0.088086 0.000000
620   -1.150000 0.000000 0.000000
621   0.000000 1.000000 0.000000
622   -0.035605 0.999366 0.000000
623   -0.071669 0.997428 0.000000
624   -0.108130 0.994137 0.000000
625   -0.144919 0.989443 0.000000
626   -0.181963 0.983305 0.000000
627   -0.219182 0.975684 0.000000
628   -0.256495 0.966546 0.000000
629   -0.293812 0.955863 0.000000
630   -0.331043 0.943616 0.000000
631   -0.368095 0.929788 0.000000
632   -0.404869 0.914375 0.000000
633   -0.441267 0.897376 0.000000
634   -0.477190 0.878800 0.000000
635   -0.512538 0.858665 0.000000
636   -0.547210 0.836996 0.000000
637   -0.581109 0.813826 0.000000
638   -0.614138 0.789198 0.000000
639   -0.646206 0.763163 0.000000
640   -0.677224 0.735777 0.000000
641   -0.707107 0.707107 0.000000
642   -0.735777 0.677224 0.000000
643   -0.763163 0.646206 0.000000
644   -0.789198 0.614138 0.000000
645   -0.813826 0.581109 0.000000
646   -0.836996 0.547210 0.000000
647   -0.858665 0.512538 0.000000
648   -0.878800 0.477190 0.000000
649   -0.897376 0.441267 0.000000
650   -0.914375 0.404869 0.000000
651   -0.929788 0.368095 0.000000
652   -0.943616 0.331043 0.000000
653   -0.955863 0.293812 0.000000
654   -0.966546 0.256495 0.000000
655   -0.975684 0.219182 0.000000
656   -0.983305 0.181963 0.000000
657   -0.989443 0.144919 0.000000
658   -0.994137 0.108130 0.000000
659   -0.997428 0.071669 0.000000
660   -0.999366 0.035605 0.000000
661   -1.000000 0.000000 0.000000

%NODE.SUPPORT
42
1   1 0 0 0 0 0
41   0 1 0 0 0 0
42   1 0 0 0 0 0
62   0 1 0 0 0 0
63   1 0 0 0 0 0
103   0 1 0 0 0 0
104   1 0 0 0 0 0
124   0 1 0 0 0 0
125   1 0 0 0 0 0
165   0 1 0 0 0 0
166   1 0 0 0 0 0
186   0 1 0 0 0 0
187   1 0 0 0 0 0
227   0 1 0 0 0 0
228   1 0 0 0 0 0
248   0 1 0 0 0 0
249   1 0 0 0 0 0
289   0 1 0 0 0 0
290   1 0 0 0 0 0
310   0 1 0 0 0 0
311   1 0 0 0 0 0
351   0 1 0 0 0 0
352   1 0 0 0 0 0
372   0 1 0 0 0 0
373   1 0 0 0 0 0
413   0 1 0 0 0 0
414   1 0 0 0 0 0
434   0 1 0 0 0 0
435   1 0 0 0 0 0
475   0 1 0 0 0 0
476   1 0 0 0 0 0
496   0 1 0 0 0 0
497   1 0 0 0 0 0
537   0 1 0 0 0 0
538   1 0 0 0 0 0
558   0 1 0 0 0 0
559   1 0 0 0 0 0
599   0 1 0 0 0 0
600   1 0 0 0 0 0
620   0 1 0 0 0 0
621   1 0 0 0 0 0
661   0 1 0 0 0 0

%MATERIAL
1

%MATERIAL.ISOTROPIC
1
1   100000.0 0.300000

%THICKNESS
1
1   1.000000

%INTEGRATION.ORDER
4
1 1 1 1 1 1 1
2 3 3 1 3 3 1
3 1 1 1 1 1 1
4 3 3 1 3 3 1

%ELEMENT
200


%ELEMENT.Q8
200
1   1 1 4 1 2 3 43 65 64 63 42
2   1 1 4 63 64 65 105 127 126 125 104
3   1 1 4 125 126 127 167 189 188 187 166
4   1 1 4 187 188 189 229 251 250 249 228
5   1 1 4 249 250 251 291 313 312 311 290
6   1 1 4 311 312 313 353 375 374 373 352
7   1 1 4 373 374 375 415 437 436 435 414
8   1 1 4 435 436 437 477 499 498 497 476
9   1 1 4 497 498 499 539 561 560 559 538
10   1 1 4 559 560 561 601 623 622 621 600
11   1 1 4 3 4 5 44 67 66 65 43
12   1 1 4 65 66 67 106 129 128 127 105
13   1 1 4 127 128 129 168 191 190 189 167
14   1 1 4 189 190 191 230 253 252 251 229
15   1 1 4 251 252 253 292 315 314 313 291
16   1 1 4 313 314 315 354 377 376 375 353
17   1 1 4 375 376 377 416 439 438 437 415
18   1 1 4 437 438 439 478 501 500 499 477
19   1 1 4 499 500 501 540 563 562 561 539
20   1 1 4 561 562 563 602 625 624 623 601
21   1 1 4 5 6 7 45 69 68 67 44
22   1 1 4 67 68 69 107 131 130 129 106
23   1 1 4 129 130 131 169 193 192 191 168
24   1 1 4 191 192 193 231 255 254 253 230
25   1 1 4 253 254 255 293 317 316 315 292
26   1 1 4 315 316 317 355 379 378 377 354
27   1 1 4 377 378 379 417 441 440 439 416
28   1 1 4 439 440 441 479 503 502 501 478
29   1 1 4 501 502 503 541 565 564 563 540
30   1 1 4 563 564 565 603 627 626 625 602
31   1 1 4 7 8 9 46 71 70 69 45
32   1 1 4 69 70 71 108 133 132 131 107
33   1 1 4 131 132 133 170 195 194 193 169
34   1 1 4 193 194 195 232 257 256 255 231
35   1 1 4 255 256 257 294 319 318 317 293
36   1 1 4 317 318 319 356 381 380 379 355
37   1 1 4 379 380 381 418 443 442 441 417
38   1 1 4 441 442 443 480 505 504 503 479
39   1 1 4 503 504 505 542 567 566 565 541
40   1 1 4 565 566 567 604 629 628 627 603
41   1 1 4 9 10 11 47 73 72 71 46
42   1 1 4 71 72 73 109 135 134 133 108
43   1 1 4 133 134 135 171 197 196 195 170
44   1 1 4 195 196 197 233 259 258 257 232
45   1 1 4 257 258 259 295 321 320 319 294
46   1 1 4 319 320 321 357 383 382 381 356
47   1 1 4 381 382 383 419 445 444 443 418
48   1 1 4 443 444 445 481 507 506 505 480
49   1 1 4 505 506 507 543 569 568 567 542
50   1 1 4 567 568 569 605 631 630 629 604
51   1 1 4 11 12 13 48 75 74 73 47
52   1 1 4 73 74 75 110 137 136 135 109
53   1 1 4 135 136 137 172 199 198 197 171
54   1 1 4 197 198 199 234 261 260 259 233
55   1 1 4 259 260 261 296 323 322 321 295
56   1 1 4 321 322 323 358 385 384 383 357
57   1 1 4 383 384 385 420 447 446 445 419
58   1 1 4 445 446 447 482 509 508 507 481
59   1 1 4 507 508 509 544 571 570 569 543
60   1 1 4 569 570 571 606 633 632 631 605
61   1 1 4 13 14 15 49 77 76 75 48
62   1 1 4 75 76 77 111 139 138 137 110
63   1 1 4 137 138 139 173 201 200 199 172
64   1 1 4 199 200 201 235 263 262 261 234
65   1 1 4 261 262 263 297 325 324 323 296
66   1 1 4 323 324 325 359 387 386 385 358
67   1 1 4 385 386 387 421 449 448 447 420
68   1 1 4 447 448 449 483 511 510 509 482
69   1 1 4 509 510 511 545 573 572 571 544
70   1 1 4 571 572 573 607 635 634 633 606
71   1 1 4 15 16 17 50 79 78 77 49
72   1 1 4 77 78 79 112 141 140 139 111
73   1 1 4 139 140 141 174 203 202 201 173
74   1 1 4 201 202 203 236 265 264 263 235
75   1 1 4 263 264 265 298 327 326 325 297
76   1 1 4 325 326 327 360 389 388 387 359
77   1 1 4 387 388 389 422 451 450 449 421
78   1 1 4 449 450 451 484 513 512 511 483
79   1 1 4 511 512 513 546 575 574 573 545
80   1 1 4 573 574 575 608 637 636 635 607
81   1 1 4 17 18 19 51 81 80 79 50
82   1 1 4 79 80 81 113 143 142 141 112
83   1 1 4 141 142 143 175 205 204 203 174
84   1 1 4 203 204 205 237 267 266 265 236
85   1 1 4 265 266 267 299 329 328 327 298
86   1 1 4 327 328 329 361 391 390 389 360
87   1 1 4 389 390 391 423 453 452 451 422
88   1 1 4 451 452 453 485 515 514 513 484
89   1 1 4 513 514 515 547 577 576 575 546
90   1 1 4 575 576 577 609 639 638 637 608
91   1 1 4 19 20 21 52 83 82 81 51
92   1 1 4 81 82 83 114 145 144 143 113
93   1 1 4 143 144 145 176 207 206 205 175
94   1 1 4 205 206 207 238 269 268 267 237
95   1 1 4 267 268 269 300 331 330 329 299
96   1 1 4 329 330 331 362 393 392 391 361
97   1 1 4 391 392 393 424 455 454 453 423
98   1 1 4 453 454 455 486 517 516 515 485
99   1 1 4 515 516 517 548 579 578 577 547
100   1 1 4 577 578 579 610 641 640 639 609
101   1 1 4 21 22 23 53 85 84 83 52
102   1 1 4 83 84 85 115 147 146 145 114
103   1 1 4 145 146 147 177 209 208 207 176
104   1 1 4 207 208 209 239 271 270 269 238
105   1 1 4 269 270 271 301 333 332 331 300
106   1 1 4 331 332 333 363 395 394 393 362
107   1 1 4 393 394 395 425 457 456 455 424
108   1 1 4 455 456 457 487 519 518 517 486
109   1 1 4 517 518 519 549 581 580 579 548
110   1 1 4 579 580 581 611 643 642 641 610
111   1 1 4 23 24 25 54 87 86 85 53
112   1 1 4 85 86 87 116 149 148 147 115
113   1 1 4 147 148 149 178 211 210 209 177
114   1 1 4 209 210 211 240 273 272 271 239
115   1 1 4 271 272 273 302 335 334 333 301
116   1 1 4 333 334 335 364 397 396 395 363
117   1 1 4 395 396 397 426 459 458 457 425
118   1 1 4 457 458 459 488 521 520 519 487
119   1 1 4 519 520 521 550 583 582 581 549
120   1 1 4 581 582 583 612 645 644 643 611
121   1 1 4 25 26 27 55 89 88 87 54
122   1 1 4 87 88 89 117 151 150 149 116
123   1 1 4 149 150 151 179 213 212 211 178
124   1 1 4 211 212 213 241 275 274 273 240
125   1 1 4 273 274 275 303 337 336 335 302
126   1 1 4 335 336 337 365 399 398 397 364
127   1 1 4 397 398 399 427 461 460 459 426
128   1 1 4 459 460 461 489 523 522 521 488
129   1 1 4 521 522 523 551 585 584 583 550
130   1 1 4 583 584 585 613 647 646 645 612
131   1 1 4 27 28 29 56 91 90 89 55
132   1 1 4 89 90 91 118 153 152 151 117
133   1 1 4 151 152 153 180 215 214 213 179
134   1 1 4 213 214 215 242 277 276 275 241
135   1 1 4 275 276 277 304 339 338 337 303
136   1 1 4 337 338 339 366 401 400 399 365
137   1 1 4 399 400 401 428 463 462 461 427
138   1 1 4 461 462 463 490 525 524 523 489
139   1 1 4 523 524 525 552 587 586 585 551
140   1 1 4 585 586 587 614 649 648 647 613
141   1 1 4 29 30 31 57 93 92 91 56
142   1 1 4 91 92 93 119 155 154 153 118
143   1 1 4 153 154 155 181 217 216 215 180
144   1 1 4 215 216 217 243 279 278 277 242
145   1 1 4 277 278 279 305 341 340 339 304
146   1 1 4 339 340 341 367 403 402 401 366
147   1 1 4 401 402 403 429 465 464 463 428
148   1 1 4 463 464 465 491 527 526 525 490
149   1 1 4 525 526 527 553 589 588 587 552
150   1 1 4 587 588 589 615 651 650 649 614
151   1 1 4 31 32 33 58 95 94 93 57
152   1 1 4 93 94 95 120 157 156 155 119
153   1 1 4 155 156 157 182 219 218 217 181
154   1 1 4 217 218 219 244 281 280 279 243
155   1 1 4 279 280 281 306 343 342 341 305
156   1 1 4 341 342 343 368 405 404 403 367
157   1 1 4 403 404 405 430 467 466 465 429
158   1 1 4 465 466 467 492 529 528 527 491
159   1 1 4 527 528 529 554 591 590 589 553
160   1 1 4 589 590 591 616 653 652 651 615
161   1 1 4 33 34 35 59 97 96 95 58
162   1 1 4 95 96 97 121 159 158 157 120
163   1 1 4 157 158 159 183 221 220 219 182
164   1 1 4 219 220 221 245 283 282 281 244
165   1 1 4 281 282 283 307 345 344 343 306
166   1 1 4 343 344 345 369 407 406 405 368
167   1 1 4 405 406 407 431 469 468 467 430
168   1 1 4 467 468 469 493 531 530 529 492
169   1 1 4 529 530 531 555 593 592 591 554
170   1 1 4 591 592 593 617 655 654 653 616
171   1 1 4 35 36 37 60 99 98 97 59
172   1 1 4 97 98 99 122 161 160 159 121
173   1 1 4 159 160 161 184 223 222 221 183
174   1 1 4 221 222 223 246 285 284 283 245
175   1 1 4 283 284 285 308 347 346 345 307
176   1 1 4 345 346 347 370 409 408 407 369
177   1 1 4 407 408 409 432 471 470 469 431
178   1 1 4 469 470 471 494 533 532 531 493
179   1 1 4 531 532 533 556 595 594 593 555
180   1 1 4 593 594 595 618 657 656 655 617
181   1 1 4 37 38 39 61 101 100 99 60
182   1 1 4 99 100 101 123 163 162 161 122
183   1 1 4 161 162 163 185 225 224 223 184
184   1 1 4 223 224 225 247 287 286 285 246
185   1 1 4 285 286 287 309 349 348 347 308
186   1 1 4 347 348 349 371 411 410 409 370
187   1 1 4 409 410 411 433 473 472 471 432
188   1 1 4 471 472 473 495 535 534 533 494
189   1 1 4 533 534 535 557 597 596 595 556
190   1 1 4 595 596 597 619 659 658 657 618
191   1 1 4 39 40 41 62 103 102 101 61
192   1 1 4 101 102 103 124 165 164 163 123
193   1 1 4 163 164 165 186 227 226 225 185
194   1 1 4 225 226 227 248 289 288 287 247
195   1 1 4 287 288 289 310 351 350 349 309
196   1 1 4 349 350 351 372 413 412 411 371
197   1 1 4 411 412 413 434 475 474 473 433
198   1 1 4 473 474 475 496 537 536 535 495
199   1 1 4 535 536 537 558 599 598 597 557
200   1 1 4 597 598 599 620 661 660 659 619

%LOAD
1
1	'Load_Case_1'

%LOAD.CASE
1

%LOAD.CASE.LINE.FORCE.UNIFORM
20
191	41	39	0	1.000000	1.000000	0.000000
181	39	37	0	1.000000	1.000000	0.000000
171	37	35	0	1.000000	1.000000	0.000000
161	35	33	0	1.000000	1.000000	0.000000
151	33	31	0	1.000000	1.000000	0.000000
141	31	29	0	1.000000	1.000000	0.000000
131	29	27	0	1.000000	1.000000	0.000000
121	27	25	0	1.000000	1.000000	0.000000
111	25	23	0	1.000000	1.000000	0.000000
101	23	21	0	1.000000	1.000000	0.000000
91	21	19	0	1.000000	1.000000	0.000000
81	19	17	0	1.000000	1.000000	0.000000
71	17	15	0	1.000000	1.000000	0.000000
61	15	13	0	1.000000	1.000000	0.000000
51	13	11	0	1.000000	1.000000	0.000000
41	11	9	0	1.000000	1.000000	0.000000
31	9	7	0	1.000000	1.000000	0.000000
21	7	5	0	1.000000	1.000000	0.000000
11	5	3	0	1.000000	1.000000	0.000000
1	3	1	0	1.000000	1.000000	0.000000

%END