%HEADER
Output file created by FEMEP (version April/2023).
'File created by FEMEP program'

%HEADER.ANALYSIS
'plane_stress ISOGEOMETRIC'

%NODE
180

%NODE.COORD
180
1   -1.000000 0.000000 0.000000
2   -1.000000 0.045018 0.000000
3   -0.991773 0.136203 0.000000
4   -0.974585 0.229086 0.000000
5   -0.947877 0.322403 0.000000
6   -0.911324 0.414736 0.000000
7   -0.864880 0.504559 0.000000
8   -0.808814 0.590315 0.000000
9   -0.743718 0.670495 0.000000
10   -0.670495 0.743718 0.000000
11   -0.590315 0.808814 0.000000
12   -0.504559 0.864880 0.000000
13   -0.414736 0.911324 0.000000
14   -0.322403 0.947877 0.000000
15   -0.229086 0.974585 0.000000
16   -0.136203 0.991773 0.000000
17   -0.045018 1.000000 0.000000
18   0.000000 1.000000 0.000000
19   -1.187500 0.000000 0.000000
20   -1.190552 0.051209 0.000000
21   -1.185413 0.155680 0.000000
22   -1.168188 0.262804 0.000000
23   -1.138147 0.371378 0.000000
24   -1.094835 0.480045 0.000000
25   -1.038118 0.587332 0.000000
26   -0.968223 0.691711 0.000000
27   -0.885751 0.791663 0.000000
28   -0.791663 0.885751 0.000000
29   -0.691711 0.968223 0.000000
30   -0.587332 1.038118 0.000000
31   -0.480045 1.094835 0.000000
32   -0.371378 1.138147 0.000000
33   -0.262804 1.168188 0.000000
34   -0.155680 1.185413 0.000000
35   -0.051209 1.190552 0.000000
36   0.000000 1.187500 0.000000
37   -1.562500 0.000000 0.000000
38   -1.569340 0.074823 0.000000
39   -1.567579 0.224376 0.000000
40   -1.549542 0.374304 0.000000
41   -1.514460 0.523183 0.000000
42   -1.461845 0.669506 0.000000
43   -1.391522 0.811727 0.000000
44   -1.303662 0.948313 0.000000
45   -1.198793 1.077788 0.000000
46   -1.077788 1.198793 0.000000
47   -0.948313 1.303662 0.000000
48   -0.811727 1.391522 0.000000
49   -0.669506 1.461845 0.000000
50   -0.523183 1.514460 0.000000
51   -0.374304 1.549542 0.000000
52   -0.224376 1.567579 0.000000
53   -0.074823 1.569340 0.000000
54   0.000000 1.562500 0.000000
55   -1.937500 0.000000 0.000000
56   -1.945614 0.109547 0.000000
57   -1.944155 0.321889 0.000000
58   -1.924334 0.527698 0.000000
59   -1.885543 0.725318 0.000000
60   -1.827399 0.913123 0.000000
61   -1.749769 1.089556 0.000000
62   -1.652786 1.253164 0.000000
63   -1.536853 1.402640 0.000000
64   -1.402640 1.536853 0.000000
65   -1.253164 1.652786 0.000000
66   -1.089556 1.749769 0.000000
67   -0.913123 1.827399 0.000000
68   -0.725318 1.885543 0.000000
69   -0.527698 1.924334 0.000000
70   -0.321889 1.944155 0.000000
71   -0.109547 1.945614 0.000000
72   0.000000 1.937500 0.000000
73   -2.312500 0.000000 0.000000
74   -2.320051 0.155324 0.000000
75   -2.317107 0.447857 0.000000
76   -2.295661 0.722251 0.000000
77   -2.255317 0.976809 0.000000
78   -2.195833 1.209955 0.000000
79   -2.117133 1.420262 0.000000
80   -2.019312 1.606478 0.000000
81   -1.902637 1.767548 0.000000
82   -1.767548 1.902637 0.000000
83   -1.606478 2.019312 0.000000
84   -1.420262 2.117133 0.000000
85   -1.209955 2.195833 0.000000
86   -0.976809 2.255317 0.000000
87   -0.722251 2.295661 0.000000
88   -0.447857 2.317107 0.000000
89   -0.155324 2.320051 0.000000
90   0.000000 2.312500 0.000000
91   -2.687500 0.000000 0.000000
92   -2.693312 0.212140 0.000000
93   -2.688299 0.602202 0.000000
94   -2.666398 0.957882 0.000000
95   -2.627402 1.277703 0.000000
96   -2.571186 1.560353 0.000000
97   -2.497719 1.804692 0.000000
98   -2.407058 2.009771 0.000000
99   -2.299350 2.174838 0.000000
100   -2.174838 2.299350 0.000000
101   -2.009771 2.407058 0.000000
102   -1.804692 2.497719 0.000000
103   -1.560353 2.571186 0.000000
104   -1.277703 2.627402 0.000000
105   -0.957882 2.666398 0.000000
106   -0.602202 2.688299 0.000000
107   -0.212140 2.693312 0.000000
108   0.000000 2.687500 0.000000
109   -3.062500 0.000000 0.000000
110   -3.066046 0.280014 0.000000
111   -3.059525 0.785119 0.000000
112   -3.039288 1.235113 0.000000
113   -3.005256 1.628984 0.000000
114   -2.957382 1.965852 0.000000
115   -2.895657 2.244983 0.000000
116   -2.820106 2.465784 0.000000
117   -2.730794 2.627818 0.000000
118   -2.627818 2.730794 0.000000
119   -2.465784 2.820106 0.000000
120   -2.244983 2.895657 0.000000
121   -1.965852 2.957382 0.000000
122   -1.628984 3.005256 0.000000
123   -1.235113 3.039288 0.000000
124   -0.785119 3.059525 0.000000
125   -0.280014 3.066046 0.000000
126   0.000000 3.062500 0.000000
127   -3.437500 0.000000 0.000000
128   -3.438895 0.359008 0.000000
129   -3.432538 0.997066 0.000000
130   -3.417009 1.555060 0.000000
131   -3.392293 2.032546 0.000000
132   -3.358379 2.429142 0.000000
133   -3.315266 2.744540 0.000000
134   -3.262962 2.978498 0.000000
135   -3.201481 3.130845 0.000000
136   -3.130845 3.201481 0.000000
137   -2.978498 3.262962 0.000000
138   -2.744540 3.315266 0.000000
139   -2.429142 3.358379 0.000000
140   -2.032546 3.392293 0.000000
141   -1.555060 3.417009 0.000000
142   -0.997066 3.432538 0.000000
143   -0.359008 3.438895 0.000000
144   0.000000 3.437500 0.000000
145   -3.812500 0.000000 0.000000
146   -3.812500 0.449219 0.000000
147   -3.809082 1.238770 0.000000
148   -3.802246 1.919434 0.000000
149   -3.791992 2.491211 0.000000
150   -3.778320 2.954102 0.000000
151   -3.761230 3.308105 0.000000
152   -3.740723 3.553223 0.000000
153   -3.716797 3.689453 0.000000
154   -3.689453 3.716797 0.000000
155   -3.553223 3.740723 0.000000
156   -3.308105 3.761230 0.000000
157   -2.954102 3.778320 0.000000
158   -2.491211 3.791992 0.000000
159   -1.919434 3.802246 0.000000
160   -1.238770 3.809082 0.000000
161   -0.449219 3.812500 0.000000
162   0.000000 3.812500 0.000000
163   -4.000000 0.000000 0.000000
164   -4.000000 0.500000 0.000000
165   -4.000000 1.375000 0.000000
166   -4.000000 2.125000 0.000000
167   -4.000000 2.750000 0.000000
168   -4.000000 3.250000 0.000000
169   -4.000000 3.625000 0.000000
170   -4.000000 3.875000 0.000000
171   -4.000000 4.000000 0.000000
172   -4.000000 4.000000 0.000000
173   -3.875000 4.000000 0.000000
174   -3.625000 4.000000 0.000000
175   -3.250000 4.000000 0.000000
176   -2.750000 4.000000 0.000000
177   -2.125000 4.000000 0.000000
178   -1.375000 4.000000 0.000000
179   -0.500000 4.000000 0.000000
180   0.000000 4.000000 0.000000

%NODE.WEIGHT
180
1   1.000000
2   0.981694
3   0.949659
4   0.922200
5   0.899318
6   0.881012
7   0.867283
8   0.858130
9   0.853553
10   0.853553
11   0.858130
12   0.867283
13   0.881012
14   0.899318
15   0.922200
16   0.949659
17   0.981694
18   1.000000
19   1.000000
20   0.983982
21   0.955952
22   0.931925
23   0.911903
24   0.895886
25   0.883872
26   0.875864
27   0.871859
28   0.871859
29   0.875864
30   0.883872
31   0.895886
32   0.911903
33   0.931925
34   0.955952
35   0.983982
36   1.000000
37   1.000000
38   0.987987
39   0.966964
40   0.948944
41   0.933927
42   0.921914
43   0.912904
44   0.906898
45   0.903894
46   0.903894
47   0.906898
48   0.912904
49   0.921914
50   0.933927
51   0.948944
52   0.966964
53   0.987987
54   1.000000
55   1.000000
56   0.991419
57   0.976403
58   0.963531
59   0.952805
60   0.944224
61   0.937789
62   0.933498
63   0.931353
64   0.931353
65   0.933498
66   0.937789
67   0.944224
68   0.952805
69   0.963531
70   0.976403
71   0.991419
72   1.000000
73   1.000000
74   0.994279
75   0.984268
76   0.975688
77   0.968537
78   0.962816
79   0.958526
80   0.955666
81   0.954235
82   0.954235
83   0.955666
84   0.958526
85   0.962816
86   0.968537
87   0.975688
88   0.984268
89   0.994279
90   1.000000
91   1.000000
92   0.996568
93   0.990561
94   0.985413
95   0.981122
96   0.977690
97   0.975116
98   0.973399
99   0.972541
100   0.972541
101   0.973399
102   0.975116
103   0.977690
104   0.981122
105   0.985413
106   0.990561
107   0.996568
108   1.000000
109   1.000000
110   0.998284
111   0.995281
112   0.992706
113   0.990561
114   0.988845
115   0.987558
116   0.986700
117   0.986271
118   0.986271
119   0.986700
120   0.987558
121   0.988845
122   0.990561
123   0.992706
124   0.995281
125   0.998284
126   1.000000
127   1.000000
128   0.999428
129   0.998427
130   0.997569
131   0.996854
132   0.996282
133   0.995853
134   0.995567
135   0.995424
136   0.995424
137   0.995567
138   0.995853
139   0.996282
140   0.996854
141   0.997569
142   0.998427
143   0.999428
144   1.000000
145   1.000000
146   1.000000
147   1.000000
148   1.000000
149   1.000000
150   1.000000
151   1.000000
152   1.000000
153   1.000000
154   1.000000
155   1.000000
156   1.000000
157   1.000000
158   1.000000
159   1.000000
160   1.000000
161   1.000000
162   1.000000
163   1.000000
164   1.000000
165   1.000000
166   1.000000
167   1.000000
168   1.000000
169   1.000000
170   1.000000
171   1.000000
172   1.000000
173   1.000000
174   1.000000
175   1.000000
176   1.000000
177   1.000000
178   1.000000
179   1.000000
180   1.000000

%NODE.SUPPORT
20
1   0 1 0 0 0 0
18   1 0 0 0 0 0
19   0 1 0 0 0 0
36   1 0 0 0 0 0
37   0 1 0 0 0 0
54   1 0 0 0 0 0
55   0 1 0 0 0 0
72   1 0 0 0 0 0
73   0 1 0 0 0 0
90   1 0 0 0 0 0
91   0 1 0 0 0 0
108   1 0 0 0 0 0
109   0 1 0 0 0 0
126   1 0 0 0 0 0
127   0 1 0 0 0 0
144   1 0 0 0 0 0
145   0 1 0 0 0 0
162   1 0 0 0 0 0
163   0 1 0 0 0 0
180   1 0 0 0 0 0

%MATERIAL
1

%MATERIAL.ISOTROPIC
1
1   100000.0 0.300000

%THICKNESS
1
1   1.000000

%INTEGRATION.ORDER
4
1 1 1 1 1 1 1
2 3 3 1 3 3 1
3 1 1 1 1 1 1
4 3 3 1 3 3 1

%SURFACE
1

%SURFACE.DEGREE
1   2 2

%SURFACE.KNOTVECTOR
1   21   0.0 0.0 0.0 0.0625 0.125 0.1875 0.25 0.3125 0.375 0.4375 0.5 0.5625 0.625 0.6875 0.75 0.8125 0.875 0.9375 1.0 1.0 1.0   13   0.0 0.0 0.0 0.125 0.25 0.375 0.5 0.625 0.75 0.875 1.0 1.0 1.0

%SURFACE.CTRLNET
1
1  2  3  4  5  6  7  8  9  10  11  12  13  14  15  16  17  18  
19  20  21  22  23  24  25  26  27  28  29  30  31  32  33  34  35  36  
37  38  39  40  41  42  43  44  45  46  47  48  49  50  51  52  53  54  
55  56  57  58  59  60  61  62  63  64  65  66  67  68  69  70  71  72  
73  74  75  76  77  78  79  80  81  82  83  84  85  86  87  88  89  90  
91  92  93  94  95  96  97  98  99  100  101  102  103  104  105  106  107  108  
109  110  111  112  113  114  115  116  117  118  119  120  121  122  123  124  125  126  
127  128  129  130  131  132  133  134  135  136  137  138  139  140  141  142  143  144  
145  146  147  148  149  150  151  152  153  154  155  156  157  158  159  160  161  162  
163  164  165  166  167  168  169  170  171  172  173  174  175  176  177  178  179  180  

%ELEMENT
128

%ELEMENT.ISOGEOMETRIC
1   128
1   1 1 4   9   1 2 3 19 20 21 37 38 39   0.0 0.0625   0.0 0.125
2   1 1 4   9   2 3 4 20 21 22 38 39 40   0.0625 0.125   0.0 0.125
3   1 1 4   9   3 4 5 21 22 23 39 40 41   0.125 0.1875   0.0 0.125
4   1 1 4   9   4 5 6 22 23 24 40 41 42   0.1875 0.25   0.0 0.125
5   1 1 4   9   5 6 7 23 24 25 41 42 43   0.25 0.3125   0.0 0.125
6   1 1 4   9   6 7 8 24 25 26 42 43 44   0.3125 0.375   0.0 0.125
7   1 1 4   9   7 8 9 25 26 27 43 44 45   0.375 0.4375   0.0 0.125
8   1 1 4   9   8 9 10 26 27 28 44 45 46   0.4375 0.5   0.0 0.125
9   1 1 4   9   9 10 11 27 28 29 45 46 47   0.5 0.5625   0.0 0.125
10   1 1 4   9   10 11 12 28 29 30 46 47 48   0.5625 0.625   0.0 0.125
11   1 1 4   9   11 12 13 29 30 31 47 48 49   0.625 0.6875   0.0 0.125
12   1 1 4   9   12 13 14 30 31 32 48 49 50   0.6875 0.75   0.0 0.125
13   1 1 4   9   13 14 15 31 32 33 49 50 51   0.75 0.8125   0.0 0.125
14   1 1 4   9   14 15 16 32 33 34 50 51 52   0.8125 0.875   0.0 0.125
15   1 1 4   9   15 16 17 33 34 35 51 52 53   0.875 0.9375   0.0 0.125
16   1 1 4   9   16 17 18 34 35 36 52 53 54   0.9375 1.0   0.0 0.125
17   1 1 4   9   19 20 21 37 38 39 55 56 57   0.0 0.0625   0.125 0.25
18   1 1 4   9   20 21 22 38 39 40 56 57 58   0.0625 0.125   0.125 0.25
19   1 1 4   9   21 22 23 39 40 41 57 58 59   0.125 0.1875   0.125 0.25
20   1 1 4   9   22 23 24 40 41 42 58 59 60   0.1875 0.25   0.125 0.25
21   1 1 4   9   23 24 25 41 42 43 59 60 61   0.25 0.3125   0.125 0.25
22   1 1 4   9   24 25 26 42 43 44 60 61 62   0.3125 0.375   0.125 0.25
23   1 1 4   9   25 26 27 43 44 45 61 62 63   0.375 0.4375   0.125 0.25
24   1 1 4   9   26 27 28 44 45 46 62 63 64   0.4375 0.5   0.125 0.25
25   1 1 4   9   27 28 29 45 46 47 63 64 65   0.5 0.5625   0.125 0.25
26   1 1 4   9   28 29 30 46 47 48 64 65 66   0.5625 0.625   0.125 0.25
27   1 1 4   9   29 30 31 47 48 49 65 66 67   0.625 0.6875   0.125 0.25
28   1 1 4   9   30 31 32 48 49 50 66 67 68   0.6875 0.75   0.125 0.25
29   1 1 4   9   31 32 33 49 50 51 67 68 69   0.75 0.8125   0.125 0.25
30   1 1 4   9   32 33 34 50 51 52 68 69 70   0.8125 0.875   0.125 0.25
31   1 1 4   9   33 34 35 51 52 53 69 70 71   0.875 0.9375   0.125 0.25
32   1 1 4   9   34 35 36 52 53 54 70 71 72   0.9375 1.0   0.125 0.25
33   1 1 4   9   37 38 39 55 56 57 73 74 75   0.0 0.0625   0.25 0.375
34   1 1 4   9   38 39 40 56 57 58 74 75 76   0.0625 0.125   0.25 0.375
35   1 1 4   9   39 40 41 57 58 59 75 76 77   0.125 0.1875   0.25 0.375
36   1 1 4   9   40 41 42 58 59 60 76 77 78   0.1875 0.25   0.25 0.375
37   1 1 4   9   41 42 43 59 60 61 77 78 79   0.25 0.3125   0.25 0.375
38   1 1 4   9   42 43 44 60 61 62 78 79 80   0.3125 0.375   0.25 0.375
39   1 1 4   9   43 44 45 61 62 63 79 80 81   0.375 0.4375   0.25 0.375
40   1 1 4   9   44 45 46 62 63 64 80 81 82   0.4375 0.5   0.25 0.375
41   1 1 4   9   45 46 47 63 64 65 81 82 83   0.5 0.5625   0.25 0.375
42   1 1 4   9   46 47 48 64 65 66 82 83 84   0.5625 0.625   0.25 0.375
43   1 1 4   9   47 48 49 65 66 67 83 84 85   0.625 0.6875   0.25 0.375
44   1 1 4   9   48 49 50 66 67 68 84 85 86   0.6875 0.75   0.25 0.375
45   1 1 4   9   49 50 51 67 68 69 85 86 87   0.75 0.8125   0.25 0.375
46   1 1 4   9   50 51 52 68 69 70 86 87 88   0.8125 0.875   0.25 0.375
47   1 1 4   9   51 52 53 69 70 71 87 88 89   0.875 0.9375   0.25 0.375
48   1 1 4   9   52 53 54 70 71 72 88 89 90   0.9375 1.0   0.25 0.375
49   1 1 4   9   55 56 57 73 74 75 91 92 93   0.0 0.0625   0.375 0.5
50   1 1 4   9   56 57 58 74 75 76 92 93 94   0.0625 0.125   0.375 0.5
51   1 1 4   9   57 58 59 75 76 77 93 94 95   0.125 0.1875   0.375 0.5
52   1 1 4   9   58 59 60 76 77 78 94 95 96   0.1875 0.25   0.375 0.5
53   1 1 4   9   59 60 61 77 78 79 95 96 97   0.25 0.3125   0.375 0.5
54   1 1 4   9   60 61 62 78 79 80 96 97 98   0.3125 0.375   0.375 0.5
55   1 1 4   9   61 62 63 79 80 81 97 98 99   0.375 0.4375   0.375 0.5
56   1 1 4   9   62 63 64 80 81 82 98 99 100   0.4375 0.5   0.375 0.5
57   1 1 4   9   63 64 65 81 82 83 99 100 101   0.5 0.5625   0.375 0.5
58   1 1 4   9   64 65 66 82 83 84 100 101 102   0.5625 0.625   0.375 0.5
59   1 1 4   9   65 66 67 83 84 85 101 102 103   0.625 0.6875   0.375 0.5
60   1 1 4   9   66 67 68 84 85 86 102 103 104   0.6875 0.75   0.375 0.5
61   1 1 4   9   67 68 69 85 86 87 103 104 105   0.75 0.8125   0.375 0.5
62   1 1 4   9   68 69 70 86 87 88 104 105 106   0.8125 0.875   0.375 0.5
63   1 1 4   9   69 70 71 87 88 89 105 106 107   0.875 0.9375   0.375 0.5
64   1 1 4   9   70 71 72 88 89 90 106 107 108   0.9375 1.0   0.375 0.5
65   1 1 4   9   73 74 75 91 92 93 109 110 111   0.0 0.0625   0.5 0.625
66   1 1 4   9   74 75 76 92 93 94 110 111 112   0.0625 0.125   0.5 0.625
67   1 1 4   9   75 76 77 93 94 95 111 112 113   0.125 0.1875   0.5 0.625
68   1 1 4   9   76 77 78 94 95 96 112 113 114   0.1875 0.25   0.5 0.625
69   1 1 4   9   77 78 79 95 96 97 113 114 115   0.25 0.3125   0.5 0.625
70   1 1 4   9   78 79 80 96 97 98 114 115 116   0.3125 0.375   0.5 0.625
71   1 1 4   9   79 80 81 97 98 99 115 116 117   0.375 0.4375   0.5 0.625
72   1 1 4   9   80 81 82 98 99 100 116 117 118   0.4375 0.5   0.5 0.625
73   1 1 4   9   81 82 83 99 100 101 117 118 119   0.5 0.5625   0.5 0.625
74   1 1 4   9   82 83 84 100 101 102 118 119 120   0.5625 0.625   0.5 0.625
75   1 1 4   9   83 84 85 101 102 103 119 120 121   0.625 0.6875   0.5 0.625
76   1 1 4   9   84 85 86 102 103 104 120 121 122   0.6875 0.75   0.5 0.625
77   1 1 4   9   85 86 87 103 104 105 121 122 123   0.75 0.8125   0.5 0.625
78   1 1 4   9   86 87 88 104 105 106 122 123 124   0.8125 0.875   0.5 0.625
79   1 1 4   9   87 88 89 105 106 107 123 124 125   0.875 0.9375   0.5 0.625
80   1 1 4   9   88 89 90 106 107 108 124 125 126   0.9375 1.0   0.5 0.625
81   1 1 4   9   91 92 93 109 110 111 127 128 129   0.0 0.0625   0.625 0.75
82   1 1 4   9   92 93 94 110 111 112 128 129 130   0.0625 0.125   0.625 0.75
83   1 1 4   9   93 94 95 111 112 113 129 130 131   0.125 0.1875   0.625 0.75
84   1 1 4   9   94 95 96 112 113 114 130 131 132   0.1875 0.25   0.625 0.75
85   1 1 4   9   95 96 97 113 114 115 131 132 133   0.25 0.3125   0.625 0.75
86   1 1 4   9   96 97 98 114 115 116 132 133 134   0.3125 0.375   0.625 0.75
87   1 1 4   9   97 98 99 115 116 117 133 134 135   0.375 0.4375   0.625 0.75
88   1 1 4   9   98 99 100 116 117 118 134 135 136   0.4375 0.5   0.625 0.75
89   1 1 4   9   99 100 101 117 118 119 135 136 137   0.5 0.5625   0.625 0.75
90   1 1 4   9   100 101 102 118 119 120 136 137 138   0.5625 0.625   0.625 0.75
91   1 1 4   9   101 102 103 119 120 121 137 138 139   0.625 0.6875   0.625 0.75
92   1 1 4   9   102 103 104 120 121 122 138 139 140   0.6875 0.75   0.625 0.75
93   1 1 4   9   103 104 105 121 122 123 139 140 141   0.75 0.8125   0.625 0.75
94   1 1 4   9   104 105 106 122 123 124 140 141 142   0.8125 0.875   0.625 0.75
95   1 1 4   9   105 106 107 123 124 125 141 142 143   0.875 0.9375   0.625 0.75
96   1 1 4   9   106 107 108 124 125 126 142 143 144   0.9375 1.0   0.625 0.75
97   1 1 4   9   109 110 111 127 128 129 145 146 147   0.0 0.0625   0.75 0.875
98   1 1 4   9   110 111 112 128 129 130 146 147 148   0.0625 0.125   0.75 0.875
99   1 1 4   9   111 112 113 129 130 131 147 148 149   0.125 0.1875   0.75 0.875
100   1 1 4   9   112 113 114 130 131 132 148 149 150   0.1875 0.25   0.75 0.875
101   1 1 4   9   113 114 115 131 132 133 149 150 151   0.25 0.3125   0.75 0.875
102   1 1 4   9   114 115 116 132 133 134 150 151 152   0.3125 0.375   0.75 0.875
103   1 1 4   9   115 116 117 133 134 135 151 152 153   0.375 0.4375   0.75 0.875
104   1 1 4   9   116 117 118 134 135 136 152 153 154   0.4375 0.5   0.75 0.875
105   1 1 4   9   117 118 119 135 136 137 153 154 155   0.5 0.5625   0.75 0.875
106   1 1 4   9   118 119 120 136 137 138 154 155 156   0.5625 0.625   0.75 0.875
107   1 1 4   9   119 120 121 137 138 139 155 156 157   0.625 0.6875   0.75 0.875
108   1 1 4   9   120 121 122 138 139 140 156 157 158   0.6875 0.75   0.75 0.875
109   1 1 4   9   121 122 123 139 140 141 157 158 159   0.75 0.8125   0.75 0.875
110   1 1 4   9   122 123 124 140 141 142 158 159 160   0.8125 0.875   0.75 0.875
111   1 1 4   9   123 124 125 141 142 143 159 160 161   0.875 0.9375   0.75 0.875
112   1 1 4   9   124 125 126 142 143 144 160 161 162   0.9375 1.0   0.75 0.875
113   1 1 4   9   127 128 129 145 146 147 163 164 165   0.0 0.0625   0.875 1.0
114   1 1 4   9   128 129 130 146 147 148 164 165 166   0.0625 0.125   0.875 1.0
115   1 1 4   9   129 130 131 147 148 149 165 166 167   0.125 0.1875   0.875 1.0
116   1 1 4   9   130 131 132 148 149 150 166 167 168   0.1875 0.25   0.875 1.0
117   1 1 4   9   131 132 133 149 150 151 167 168 169   0.25 0.3125   0.875 1.0
118   1 1 4   9   132 133 134 150 151 152 168 169 170   0.3125 0.375   0.875 1.0
119   1 1 4   9   133 134 135 151 152 153 169 170 171   0.375 0.4375   0.875 1.0
120   1 1 4   9   134 135 136 152 153 154 170 171 172   0.4375 0.5   0.875 1.0
121   1 1 4   9   135 136 137 153 154 155 171 172 173   0.5 0.5625   0.875 1.0
122   1 1 4   9   136 137 138 154 155 156 172 173 174   0.5625 0.625   0.875 1.0
123   1 1 4   9   137 138 139 155 156 157 173 174 175   0.625 0.6875   0.875 1.0
124   1 1 4   9   138 139 140 156 157 158 174 175 176   0.6875 0.75   0.875 1.0
125   1 1 4   9   139 140 141 157 158 159 175 176 177   0.75 0.8125   0.875 1.0
126   1 1 4   9   140 141 142 158 159 160 176 177 178   0.8125 0.875   0.875 1.0
127   1 1 4   9   141 142 143 159 160 161 177 178 179   0.875 0.9375   0.875 1.0
128   1 1 4   9   142 143 144 160 161 162 178 179 180   0.9375 1.0   0.875 1.0

%LOAD
1
1	'Load_Case_1'

%LOAD.CASE
1

%LOAD.CASE.LINE.FORCE.UNIFORM
16
113   163 165   0   1.000000 1.000000 0.000000
114   164 166   0   1.000000 1.000000 0.000000
115   165 167   0   1.000000 1.000000 0.000000
116   166 168   0   1.000000 1.000000 0.000000
117   167 169   0   1.000000 1.000000 0.000000
118   168 170   0   1.000000 1.000000 0.000000
119   169 171   0   1.000000 1.000000 0.000000
120   170 172   0   1.000000 1.000000 0.000000
121   171 173   0   1.000000 1.000000 0.000000
122   172 174   0   1.000000 1.000000 0.000000
123   173 175   0   1.000000 1.000000 0.000000
124   174 176   0   1.000000 1.000000 0.000000
125   175 177   0   1.000000 1.000000 0.000000
126   176 178   0   1.000000 1.000000 0.000000
127   177 179   0   1.000000 1.000000 0.000000
128   178 180   0   1.000000 1.000000 0.000000

%END