%HEADER
Output file created by FEMEP (version April/2023).
'File created by FEMEP program'

%HEADER.ANALYSIS
'plane_stress ISOPARAMETRIC'

%NODE
253

%NODE.COORD
253
1   0.000000 4.000000 0.000000
2   -0.333333 4.000000 0.000000
3   -0.666667 4.000000 0.000000
4   -1.000000 4.000000 0.000000
5   -1.333333 4.000000 0.000000
6   -1.666667 4.000000 0.000000
7   -2.000000 4.000000 0.000000
8   -2.333333 4.000000 0.000000
9   -2.666667 4.000000 0.000000
10   -3.000000 4.000000 0.000000
11   -3.333333 4.000000 0.000000
12   -3.666667 4.000000 0.000000
13   -4.000000 4.000000 0.000000
14   -4.000000 3.666667 0.000000
15   -4.000000 3.333333 0.000000
16   -4.000000 3.000000 0.000000
17   -4.000000 2.666667 0.000000
18   -4.000000 2.333333 0.000000
19   -4.000000 2.000000 0.000000
20   -4.000000 1.666667 0.000000
21   -4.000000 1.333333 0.000000
22   -4.000000 1.000000 0.000000
23   -4.000000 0.666667 0.000000
24   -4.000000 0.333333 0.000000
25   -4.000000 0.000000 0.000000
26   0.000000 3.750000 0.000000
27   -0.621141 3.749394 0.000000
28   -1.242560 3.747480 0.000000
29   -1.864008 3.744149 0.000000
30   -2.485198 3.739355 0.000000
31   -3.105825 3.733131 0.000000
32   -3.725592 3.725592 0.000000
33   -3.733131 3.105825 0.000000
34   -3.739355 2.485198 0.000000
35   -3.744149 1.864008 0.000000
36   -3.747480 1.242560 0.000000
37   -3.749394 0.621141 0.000000
38   -3.750000 0.000000 0.000000
39   0.000000 3.500000 0.000000
40   -0.287808 3.499394 0.000000
41   -0.575616 3.498788 0.000000
42   -0.863701 3.496874 0.000000
43   -1.151786 3.494960 0.000000
44   -1.439901 3.491629 0.000000
45   -1.728016 3.488298 0.000000
46   -2.015872 3.483504 0.000000
47   -2.303729 3.478710 0.000000
48   -2.591023 3.472486 0.000000
49   -2.878316 3.466261 0.000000
50   -3.164750 3.458723 0.000000
51   -3.451184 3.451184 0.000000
52   -3.458723 3.164750 0.000000
53   -3.466261 2.878316 0.000000
54   -3.472486 2.591023 0.000000
55   -3.478710 2.303729 0.000000
56   -3.483504 2.015872 0.000000
57   -3.488298 1.728016 0.000000
58   -3.491629 1.439901 0.000000
59   -3.494960 1.151786 0.000000
60   -3.496874 0.863701 0.000000
61   -3.498788 0.575616 0.000000
62   -3.499394 0.287808 0.000000
63   -3.500000 0.000000 0.000000
64   0.000000 3.250000 0.000000
65   -0.530090 3.248183 0.000000
66   -1.061013 3.242441 0.000000
67   -1.592024 3.232447 0.000000
68   -2.122260 3.218065 0.000000
69   -2.650808 3.199392 0.000000
70   -3.176777 3.176777 0.000000
71   -3.199392 2.650808 0.000000
72   -3.218065 2.122260 0.000000
73   -3.232447 1.592024 0.000000
74   -3.242441 1.061013 0.000000
75   -3.248183 0.530090 0.000000
76   -3.250000 0.000000 0.000000
77   0.000000 3.000000 0.000000
78   -0.242282 2.998788 0.000000
79   -0.484565 2.997577 0.000000
80   -0.727402 2.993749 0.000000
81   -0.970240 2.989921 0.000000
82   -1.213136 2.983258 0.000000
83   -1.456032 2.976596 0.000000
84   -1.698412 2.967008 0.000000
85   -1.940792 2.957420 0.000000
86   -2.182045 2.944971 0.000000
87   -2.423299 2.932522 0.000000
88   -2.662834 2.917446 0.000000
89   -2.902369 2.902369 0.000000
90   -2.917446 2.662834 0.000000
91   -2.932522 2.423299 0.000000
92   -2.944971 2.182045 0.000000
93   -2.957420 1.940792 0.000000
94   -2.967008 1.698412 0.000000
95   -2.976596 1.456032 0.000000
96   -2.983258 1.213136 0.000000
97   -2.989921 0.970240 0.000000
98   -2.993749 0.727402 0.000000
99   -2.997577 0.484565 0.000000
100   -2.998788 0.242282 0.000000
101   -3.000000 0.000000 0.000000
102   0.000000 2.750000 0.000000
103   -0.439039 2.746971 0.000000
104   -0.879466 2.737401 0.000000
105   -1.320039 2.720745 0.000000
106   -1.759323 2.696775 0.000000
107   -2.195791 2.665653 0.000000
108   -2.627961 2.627961 0.000000
109   -2.665653 2.195791 0.000000
110   -2.696775 1.759323 0.000000
111   -2.720745 1.320039 0.000000
112   -2.737401 0.879466 0.000000
113   -2.746971 0.439039 0.000000
114   -2.750000 0.000000 0.000000
115   0.000000 2.500000 0.000000
116   -0.196757 2.498183 0.000000
117   -0.393514 2.496365 0.000000
118   -0.591103 2.490623 0.000000
119   -0.788693 2.484881 0.000000
120   -0.986370 2.474888 0.000000
121   -1.184047 2.464894 0.000000
122   -1.380951 2.450512 0.000000
123   -1.577854 2.436130 0.000000
124   -1.773068 2.417457 0.000000
125   -1.968282 2.398783 0.000000
126   -2.160918 2.376168 0.000000
127   -2.353553 2.353553 0.000000
128   -2.376168 2.160918 0.000000
129   -2.398783 1.968282 0.000000
130   -2.417457 1.773068 0.000000
131   -2.436130 1.577854 0.000000
132   -2.450512 1.380951 0.000000
133   -2.464894 1.184047 0.000000
134   -2.474888 0.986370 0.000000
135   -2.484881 0.788693 0.000000
136   -2.490623 0.591103 0.000000
137   -2.496365 0.393514 0.000000
138   -2.498183 0.196757 0.000000
139   -2.500000 0.000000 0.000000
140   0.000000 2.250000 0.000000
141   -0.347988 2.245759 0.000000
142   -0.697919 2.232361 0.000000
143   -1.048055 2.209043 0.000000
144   -1.396385 2.175485 0.000000
145   -1.740773 2.131914 0.000000
146   -2.079146 2.079146 0.000000
147   -2.131914 1.740773 0.000000
148   -2.175485 1.396385 0.000000
149   -2.209043 1.048055 0.000000
150   -2.232361 0.697919 0.000000
151   -2.245759 0.347988 0.000000
152   -2.250000 0.000000 0.000000
153   0.000000 2.000000 0.000000
154   -0.151231 1.997577 0.000000
155   -0.302463 1.995154 0.000000
156   -0.454804 1.987497 0.000000
157   -0.607146 1.979841 0.000000
158   -0.759605 1.966517 0.000000
159   -0.912063 1.953192 0.000000
160   -1.063490 1.934016 0.000000
161   -1.214917 1.914840 0.000000
162   -1.364091 1.889942 0.000000
163   -1.513265 1.865044 0.000000
164   -1.659001 1.834891 0.000000
165   -1.804738 1.804738 0.000000
166   -1.834891 1.659001 0.000000
167   -1.865044 1.513265 0.000000
168   -1.889942 1.364091 0.000000
169   -1.914840 1.214917 0.000000
170   -1.934016 1.063490 0.000000
171   -1.953192 0.912063 0.000000
172   -1.966517 0.759605 0.000000
173   -1.979841 0.607146 0.000000
174   -1.987497 0.454804 0.000000
175   -1.995154 0.302463 0.000000
176   -1.997577 0.151231 0.000000
177   -2.000000 0.000000 0.000000
178   0.000000 1.750000 0.000000
179   -0.256937 1.744548 0.000000
180   -0.516373 1.727322 0.000000
181   -0.776071 1.697341 0.000000
182   -1.033448 1.654195 0.000000
183   -1.285756 1.598175 0.000000
184   -1.530330 1.530330 0.000000
185   -1.598175 1.285756 0.000000
186   -1.654195 1.033448 0.000000
187   -1.697341 0.776071 0.000000
188   -1.727322 0.516373 0.000000
189   -1.744548 0.256937 0.000000
190   -1.750000 0.000000 0.000000
191   0.000000 1.500000 0.000000
192   -0.105706 1.496971 0.000000
193   -0.211412 1.493942 0.000000
194   -0.318505 1.484372 0.000000
195   -0.425599 1.474802 0.000000
196   -0.532839 1.458146 0.000000
197   -0.640079 1.441490 0.000000
198   -0.746029 1.417520 0.000000
199   -0.851979 1.393550 0.000000
200   -0.955114 1.362428 0.000000
201   -1.058248 1.331306 0.000000
202   -1.157085 1.293614 0.000000
203   -1.255922 1.255922 0.000000
204   -1.293614 1.157085 0.000000
205   -1.331306 1.058248 0.000000
206   -1.362428 0.955114 0.000000
207   -1.393550 0.851979 0.000000
208   -1.417520 0.746029 0.000000
209   -1.441490 0.640079 0.000000
210   -1.458146 0.532839 0.000000
211   -1.474802 0.425599 0.000000
212   -1.484372 0.318505 0.000000
213   -1.493942 0.211412 0.000000
214   -1.496971 0.105706 0.000000
215   -1.500000 0.000000 0.000000
216   0.000000 1.250000 0.000000
217   -0.165886 1.243336 0.000000
218   -0.334826 1.222282 0.000000
219   -0.504087 1.185639 0.000000
220   -0.670510 1.132905 0.000000
221   -0.830739 1.064436 0.000000
222   -0.981515 0.981515 0.000000
223   -1.064436 0.830739 0.000000
224   -1.132905 0.670510 0.000000
225   -1.185639 0.504087 0.000000
226   -1.222282 0.334826 0.000000
227   -1.243336 0.165886 0.000000
228   -1.250000 0.000000 0.000000
229   0.000000 1.000000 0.000000
230   -0.059601 0.998222 0.000000
231   -0.120360 0.992730 0.000000
232   -0.181963 0.983305 0.000000
233   -0.244052 0.969762 0.000000
234   -0.306237 0.951955 0.000000
235   -0.368095 0.929788 0.000000
236   -0.429182 0.903218 0.000000
237   -0.489042 0.872260 0.000000
238   -0.547210 0.836996 0.000000
239   -0.603231 0.797567 0.000000
240   -0.656666 0.754181 0.000000
241   -0.707107 0.707107 0.000000
242   -0.754181 0.656666 0.000000
243   -0.797567 0.603231 0.000000
244   -0.836996 0.547210 0.000000
245   -0.872260 0.489042 0.000000
246   -0.903218 0.429182 0.000000
247   -0.929788 0.368095 0.000000
248   -0.951955 0.306237 0.000000
249   -0.969762 0.244052 0.000000
250   -0.983305 0.181963 0.000000
251   -0.992730 0.120360 0.000000
252   -0.998222 0.059601 0.000000
253   -1.000000 0.000000 0.000000

%NODE.SUPPORT
26
1   1 0 0 0 0 0
25   0 1 0 0 0 0
26   1 0 0 0 0 0
38   0 1 0 0 0 0
39   1 0 0 0 0 0
63   0 1 0 0 0 0
64   1 0 0 0 0 0
76   0 1 0 0 0 0
77   1 0 0 0 0 0
101   0 1 0 0 0 0
102   1 0 0 0 0 0
114   0 1 0 0 0 0
115   1 0 0 0 0 0
139   0 1 0 0 0 0
140   1 0 0 0 0 0
152   0 1 0 0 0 0
153   1 0 0 0 0 0
177   0 1 0 0 0 0
178   1 0 0 0 0 0
190   0 1 0 0 0 0
191   1 0 0 0 0 0
215   0 1 0 0 0 0
216   1 0 0 0 0 0
228   0 1 0 0 0 0
229   1 0 0 0 0 0
253   0 1 0 0 0 0

%MATERIAL
1

%MATERIAL.ISOTROPIC
1
1   100000.0 0.300000

%THICKNESS
1
1   1.000000

%INTEGRATION.ORDER
4
1 1 1 1 1 1 1
2 3 3 1 3 3 1
3 1 1 1 1 1 1
4 3 3 1 3 3 1

%ELEMENT
72


%ELEMENT.Q8
72
1   1 1 4 1 2 3 27 41 40 39 26
2   1 1 4 39 40 41 65 79 78 77 64
3   1 1 4 77 78 79 103 117 116 115 102
4   1 1 4 115 116 117 141 155 154 153 140
5   1 1 4 153 154 155 179 193 192 191 178
6   1 1 4 191 192 193 217 231 230 229 216
7   1 1 4 3 4 5 28 43 42 41 27
8   1 1 4 41 42 43 66 81 80 79 65
9   1 1 4 79 80 81 104 119 118 117 103
10   1 1 4 117 118 119 142 157 156 155 141
11   1 1 4 155 156 157 180 195 194 193 179
12   1 1 4 193 194 195 218 233 232 231 217
13   1 1 4 5 6 7 29 45 44 43 28
14   1 1 4 43 44 45 67 83 82 81 66
15   1 1 4 81 82 83 105 121 120 119 104
16   1 1 4 119 120 121 143 159 158 157 142
17   1 1 4 157 158 159 181 197 196 195 180
18   1 1 4 195 196 197 219 235 234 233 218
19   1 1 4 7 8 9 30 47 46 45 29
20   1 1 4 45 46 47 68 85 84 83 67
21   1 1 4 83 84 85 106 123 122 121 105
22   1 1 4 121 122 123 144 161 160 159 143
23   1 1 4 159 160 161 182 199 198 197 181
24   1 1 4 197 198 199 220 237 236 235 219
25   1 1 4 9 10 11 31 49 48 47 30
26   1 1 4 47 48 49 69 87 86 85 68
27   1 1 4 85 86 87 107 125 124 123 106
28   1 1 4 123 124 125 145 163 162 161 144
29   1 1 4 161 162 163 183 201 200 199 182
30   1 1 4 199 200 201 221 239 238 237 220
31   1 1 4 11 12 13 32 51 50 49 31
32   1 1 4 49 50 51 70 89 88 87 69
33   1 1 4 87 88 89 108 127 126 125 107
34   1 1 4 125 126 127 146 165 164 163 145
35   1 1 4 163 164 165 184 203 202 201 183
36   1 1 4 201 202 203 222 241 240 239 221
37   1 1 4 13 14 15 33 53 52 51 32
38   1 1 4 51 52 53 71 91 90 89 70
39   1 1 4 89 90 91 109 129 128 127 108
40   1 1 4 127 128 129 147 167 166 165 146
41   1 1 4 165 166 167 185 205 204 203 184
42   1 1 4 203 204 205 223 243 242 241 222
43   1 1 4 15 16 17 34 55 54 53 33
44   1 1 4 53 54 55 72 93 92 91 71
45   1 1 4 91 92 93 110 131 130 129 109
46   1 1 4 129 130 131 148 169 168 167 147
47   1 1 4 167 168 169 186 207 206 205 185
48   1 1 4 205 206 207 224 245 244 243 223
49   1 1 4 17 18 19 35 57 56 55 34
50   1 1 4 55 56 57 73 95 94 93 72
51   1 1 4 93 94 95 111 133 132 131 110
52   1 1 4 131 132 133 149 171 170 169 148
53   1 1 4 169 170 171 187 209 208 207 186
54   1 1 4 207 208 209 225 247 246 245 224
55   1 1 4 19 20 21 36 59 58 57 35
56   1 1 4 57 58 59 74 97 96 95 73
57   1 1 4 95 96 97 112 135 134 133 111
58   1 1 4 133 134 135 150 173 172 171 149
59   1 1 4 171 172 173 188 211 210 209 187
60   1 1 4 209 210 211 226 249 248 247 225
61   1 1 4 21 22 23 37 61 60 59 36
62   1 1 4 59 60 61 75 99 98 97 74
63   1 1 4 97 98 99 113 137 136 135 112
64   1 1 4 135 136 137 151 175 174 173 150
65   1 1 4 173 174 175 189 213 212 211 188
66   1 1 4 211 212 213 227 251 250 249 226
67   1 1 4 23 24 25 38 63 62 61 37
68   1 1 4 61 62 63 76 101 100 99 75
69   1 1 4 99 100 101 114 139 138 137 113
70   1 1 4 137 138 139 152 177 176 175 151
71   1 1 4 175 176 177 190 215 214 213 189
72   1 1 4 213 214 215 228 253 252 251 227

%LOAD
1
1	'Load_Case_1'

%LOAD.CASE
1

%LOAD.CASE.LINE.FORCE.UNIFORM
12
67	25	23	0	1.000000	1.000000	0.000000
61	23	21	0	1.000000	1.000000	0.000000
55	21	19	0	1.000000	1.000000	0.000000
49	19	17	0	1.000000	1.000000	0.000000
43	17	15	0	1.000000	1.000000	0.000000
37	15	13	0	1.000000	1.000000	0.000000
31	13	11	0	1.000000	1.000000	0.000000
25	11	9	0	1.000000	1.000000	0.000000
19	9	7	0	1.000000	1.000000	0.000000
13	7	5	0	1.000000	1.000000	0.000000
7	5	3	0	1.000000	1.000000	0.000000
1	3	1	0	1.000000	1.000000	0.000000

%END