%HEADER
Output file created by FEMEP (version April/2023).
'File created by FEMEP program'

%HEADER.ANALYSIS
'plane_stress ISOPARAMETRIC'

%NODE
121

%NODE.COORD
121
1   0.000000 4.000000 0.000000
2   -0.500000 4.000000 0.000000
3   -1.000000 4.000000 0.000000
4   -1.500000 4.000000 0.000000
5   -2.000000 4.000000 0.000000
6   -2.500000 4.000000 0.000000
7   -3.000000 4.000000 0.000000
8   -3.500000 4.000000 0.000000
9   -4.000000 4.000000 0.000000
10   -4.000000 3.500000 0.000000
11   -4.000000 3.000000 0.000000
12   -4.000000 2.500000 0.000000
13   -4.000000 2.000000 0.000000
14   -4.000000 1.500000 0.000000
15   -4.000000 1.000000 0.000000
16   -4.000000 0.500000 0.000000
17   -4.000000 0.000000 0.000000
18   0.000000 3.625000 0.000000
19   -0.897745 3.622913 0.000000
20   -1.796012 3.616224 0.000000
21   -2.693401 3.604624 0.000000
22   -3.588388 3.588388 0.000000
23   -3.604624 2.693401 0.000000
24   -3.616224 1.796012 0.000000
25   -3.622913 0.897745 0.000000
26   -3.625000 0.000000 0.000000
27   0.000000 3.250000 0.000000
28   -0.397745 3.247913 0.000000
29   -0.795491 3.245826 0.000000
30   -1.193757 3.239137 0.000000
31   -1.592024 3.232447 0.000000
32   -1.989413 3.220848 0.000000
33   -2.386802 3.209249 0.000000
34   -2.781790 3.193013 0.000000
35   -3.176777 3.176777 0.000000
36   -3.193013 2.781790 0.000000
37   -3.209249 2.386802 0.000000
38   -3.220848 1.989413 0.000000
39   -3.232447 1.592024 0.000000
40   -3.239137 1.193757 0.000000
41   -3.245826 0.795491 0.000000
42   -3.247913 0.397745 0.000000
43   -3.250000 0.000000 0.000000
44   0.000000 2.875000 0.000000
45   -0.693236 2.868740 0.000000
46   -1.388036 2.848671 0.000000
47   -2.080204 2.813873 0.000000
48   -2.765165 2.765165 0.000000
49   -2.813873 2.080204 0.000000
50   -2.848671 1.388036 0.000000
51   -2.868740 0.693236 0.000000
52   -2.875000 0.000000 0.000000
53   0.000000 2.500000 0.000000
54   -0.295491 2.495826 0.000000
55   -0.590982 2.491653 0.000000
56   -0.887514 2.478273 0.000000
57   -1.184047 2.464894 0.000000
58   -1.478826 2.441696 0.000000
59   -1.773605 2.418498 0.000000
60   -2.063579 2.386026 0.000000
61   -2.353553 2.353553 0.000000
62   -2.386026 2.063579 0.000000
63   -2.418498 1.773605 0.000000
64   -2.441696 1.478826 0.000000
65   -2.464894 1.184047 0.000000
66   -2.478273 0.887514 0.000000
67   -2.491653 0.590982 0.000000
68   -2.495826 0.295491 0.000000
69   -2.500000 0.000000 0.000000
70   0.000000 2.125000 0.000000
71   -0.488727 2.114566 0.000000
72   -0.980059 2.081118 0.000000
73   -1.467006 2.023122 0.000000
74   -1.941942 1.941942 0.000000
75   -2.023122 1.467006 0.000000
76   -2.081118 0.980059 0.000000
77   -2.114566 0.488727 0.000000
78   -2.125000 0.000000 0.000000
79   0.000000 1.750000 0.000000
80   -0.193236 1.743740 0.000000
81   -0.386472 1.737479 0.000000
82   -0.581272 1.717410 0.000000
83   -0.776071 1.697341 0.000000
84   -0.968239 1.662544 0.000000
85   -1.160407 1.627747 0.000000
86   -1.345369 1.579038 0.000000
87   -1.530330 1.530330 0.000000
88   -1.579038 1.345369 0.000000
89   -1.627747 1.160407 0.000000
90   -1.662544 0.968239 0.000000
91   -1.697341 0.776071 0.000000
92   -1.717410 0.581272 0.000000
93   -1.737479 0.386472 0.000000
94   -1.743740 0.193236 0.000000
95   -1.750000 0.000000 0.000000
96   0.000000 1.375000 0.000000
97   -0.284218 1.360392 0.000000
98   -0.572083 1.313565 0.000000
99   -0.853809 1.232371 0.000000
100   -1.118718 1.118718 0.000000
101   -1.232371 0.853809 0.000000
102   -1.313565 0.572083 0.000000
103   -1.360392 0.284218 0.000000
104   -1.375000 0.000000 0.000000
105   0.000000 1.000000 0.000000
106   -0.089854 0.995955 0.000000
107   -0.181963 0.983305 0.000000
108   -0.275158 0.961399 0.000000
109   -0.368095 0.929788 0.000000
110   -0.459295 0.888284 0.000000
111   -0.547210 0.836996 0.000000
112   -0.630298 0.776353 0.000000
113   -0.707107 0.707107 0.000000
114   -0.776353 0.630298 0.000000
115   -0.836996 0.547210 0.000000
116   -0.888284 0.459295 0.000000
117   -0.929788 0.368095 0.000000
118   -0.961399 0.275158 0.000000
119   -0.983305 0.181963 0.000000
120   -0.995955 0.089854 0.000000
121   -1.000000 0.000000 0.000000

%NODE.SUPPORT
18
1   1 0 0 0 0 0
17   0 1 0 0 0 0
18   1 0 0 0 0 0
26   0 1 0 0 0 0
27   1 0 0 0 0 0
43   0 1 0 0 0 0
44   1 0 0 0 0 0
52   0 1 0 0 0 0
53   1 0 0 0 0 0
69   0 1 0 0 0 0
70   1 0 0 0 0 0
78   0 1 0 0 0 0
79   1 0 0 0 0 0
95   0 1 0 0 0 0
96   1 0 0 0 0 0
104   0 1 0 0 0 0
105   1 0 0 0 0 0
121   0 1 0 0 0 0

%MATERIAL
1

%MATERIAL.ISOTROPIC
1
1   100000.0 0.300000

%THICKNESS
1
1   1.000000

%INTEGRATION.ORDER
4
1 1 1 1 1 1 1
2 3 3 1 3 3 1
3 1 1 1 1 1 1
4 3 3 1 3 3 1

%ELEMENT
32


%ELEMENT.Q8
32
1   1 1 4 1 2 3 19 29 28 27 18
2   1 1 4 27 28 29 45 55 54 53 44
3   1 1 4 53 54 55 71 81 80 79 70
4   1 1 4 79 80 81 97 107 106 105 96
5   1 1 4 3 4 5 20 31 30 29 19
6   1 1 4 29 30 31 46 57 56 55 45
7   1 1 4 55 56 57 72 83 82 81 71
8   1 1 4 81 82 83 98 109 108 107 97
9   1 1 4 5 6 7 21 33 32 31 20
10   1 1 4 31 32 33 47 59 58 57 46
11   1 1 4 57 58 59 73 85 84 83 72
12   1 1 4 83 84 85 99 111 110 109 98
13   1 1 4 7 8 9 22 35 34 33 21
14   1 1 4 33 34 35 48 61 60 59 47
15   1 1 4 59 60 61 74 87 86 85 73
16   1 1 4 85 86 87 100 113 112 111 99
17   1 1 4 9 10 11 23 37 36 35 22
18   1 1 4 35 36 37 49 63 62 61 48
19   1 1 4 61 62 63 75 89 88 87 74
20   1 1 4 87 88 89 101 115 114 113 100
21   1 1 4 11 12 13 24 39 38 37 23
22   1 1 4 37 38 39 50 65 64 63 49
23   1 1 4 63 64 65 76 91 90 89 75
24   1 1 4 89 90 91 102 117 116 115 101
25   1 1 4 13 14 15 25 41 40 39 24
26   1 1 4 39 40 41 51 67 66 65 50
27   1 1 4 65 66 67 77 93 92 91 76
28   1 1 4 91 92 93 103 119 118 117 102
29   1 1 4 15 16 17 26 43 42 41 25
30   1 1 4 41 42 43 52 69 68 67 51
31   1 1 4 67 68 69 78 95 94 93 77
32   1 1 4 93 94 95 104 121 120 119 103

%LOAD
1
1	'Load_Case_1'

%LOAD.CASE
1

%LOAD.CASE.LINE.FORCE.UNIFORM
8
29	17	15	0	1.000000	1.000000	0.000000
25	15	13	0	1.000000	1.000000	0.000000
21	13	11	0	1.000000	1.000000	0.000000
17	11	9	0	1.000000	1.000000	0.000000
13	9	7	0	1.000000	1.000000	0.000000
9	7	5	0	1.000000	1.000000	0.000000
5	5	3	0	1.000000	1.000000	0.000000
1	3	1	0	1.000000	1.000000	0.000000

%END