%HEADER
Output file created by FEMEP (version April/2023).
'File created by FEMEP program'

%HEADER.ANALYSIS
'plane_stress ISOPARAMETRIC'

%NODE
1261

%NODE.COORD
1261
1   0.000000 4.000000 0.000000
2   -0.142857 4.000000 0.000000
3   -0.285714 4.000000 0.000000
4   -0.428571 4.000000 0.000000
5   -0.571429 4.000000 0.000000
6   -0.714286 4.000000 0.000000
7   -0.857143 4.000000 0.000000
8   -1.000000 4.000000 0.000000
9   -1.142857 4.000000 0.000000
10   -1.285714 4.000000 0.000000
11   -1.428571 4.000000 0.000000
12   -1.571429 4.000000 0.000000
13   -1.714286 4.000000 0.000000
14   -1.857143 4.000000 0.000000
15   -2.000000 4.000000 0.000000
16   -2.142857 4.000000 0.000000
17   -2.285714 4.000000 0.000000
18   -2.428571 4.000000 0.000000
19   -2.571429 4.000000 0.000000
20   -2.714286 4.000000 0.000000
21   -2.857143 4.000000 0.000000
22   -3.000000 4.000000 0.000000
23   -3.142857 4.000000 0.000000
24   -3.285714 4.000000 0.000000
25   -3.428571 4.000000 0.000000
26   -3.571429 4.000000 0.000000
27   -3.714286 4.000000 0.000000
28   -3.857143 4.000000 0.000000
29   -4.000000 4.000000 0.000000
30   -4.000000 3.857143 0.000000
31   -4.000000 3.714286 0.000000
32   -4.000000 3.571429 0.000000
33   -4.000000 3.428571 0.000000
34   -4.000000 3.285714 0.000000
35   -4.000000 3.142857 0.000000
36   -4.000000 3.000000 0.000000
37   -4.000000 2.857143 0.000000
38   -4.000000 2.714286 0.000000
39   -4.000000 2.571429 0.000000
40   -4.000000 2.428571 0.000000
41   -4.000000 2.285714 0.000000
42   -4.000000 2.142857 0.000000
43   -4.000000 2.000000 0.000000
44   -4.000000 1.857143 0.000000
45   -4.000000 1.714286 0.000000
46   -4.000000 1.571429 0.000000
47   -4.000000 1.428571 0.000000
48   -4.000000 1.285714 0.000000
49   -4.000000 1.142857 0.000000
50   -4.000000 1.000000 0.000000
51   -4.000000 0.857143 0.000000
52   -4.000000 0.714286 0.000000
53   -4.000000 0.571429 0.000000
54   -4.000000 0.428571 0.000000
55   -4.000000 0.285714 0.000000
56   -4.000000 0.142857 0.000000
57   -4.000000 0.000000 0.000000
58   0.000000 3.892857 0.000000
59   -0.277332 3.892811 0.000000
60   -0.554695 3.892668 0.000000
61   -0.832083 3.892423 0.000000
62   -1.109489 3.892072 0.000000
63   -1.386902 3.891611 0.000000
64   -1.664315 3.891038 0.000000
65   -1.941718 3.890350 0.000000
66   -2.219100 3.889546 0.000000
67   -2.496452 3.888627 0.000000
68   -2.773763 3.887594 0.000000
69   -3.051023 3.886450 0.000000
70   -3.328222 3.885199 0.000000
71   -3.605349 3.883846 0.000000
72   -3.882397 3.882397 0.000000
73   -3.883846 3.605349 0.000000
74   -3.885199 3.328222 0.000000
75   -3.886450 3.051023 0.000000
76   -3.887594 2.773763 0.000000
77   -3.888627 2.496452 0.000000
78   -3.889546 2.219100 0.000000
79   -3.890350 1.941718 0.000000
80   -3.891038 1.664315 0.000000
81   -3.891611 1.386902 0.000000
82   -3.892072 1.109489 0.000000
83   -3.892423 0.832083 0.000000
84   -3.892668 0.554695 0.000000
85   -3.892811 0.277332 0.000000
86   -3.892857 0.000000 0.000000
87   0.000000 3.785714 0.000000
88   -0.134475 3.785668 0.000000
89   -0.268950 3.785621 0.000000
90   -0.403456 3.785478 0.000000
91   -0.537962 3.785335 0.000000
92   -0.672493 3.785090 0.000000
93   -0.807024 3.784846 0.000000
94   -0.941572 3.784495 0.000000
95   -1.076120 3.784144 0.000000
96   -1.210676 3.783683 0.000000
97   -1.345233 3.783222 0.000000
98   -1.479788 3.782649 0.000000
99   -1.614344 3.782076 0.000000
100   -1.748890 3.781387 0.000000
101   -1.883435 3.780699 0.000000
102   -2.017961 3.779895 0.000000
103   -2.152486 3.779092 0.000000
104   -2.286981 3.778173 0.000000
105   -2.421476 3.777254 0.000000
106   -2.555930 3.776221 0.000000
107   -2.690384 3.775188 0.000000
108   -2.824787 3.774044 0.000000
109   -2.959189 3.772900 0.000000
110   -3.093531 3.771649 0.000000
111   -3.227872 3.770397 0.000000
112   -3.362142 3.769044 0.000000
113   -3.496413 3.767691 0.000000
114   -3.630603 3.766242 0.000000
115   -3.764793 3.764793 0.000000
116   -3.766242 3.630603 0.000000
117   -3.767691 3.496413 0.000000
118   -3.769044 3.362142 0.000000
119   -3.770397 3.227872 0.000000
120   -3.771649 3.093531 0.000000
121   -3.772900 2.959189 0.000000
122   -3.774044 2.824787 0.000000
123   -3.775188 2.690384 0.000000
124   -3.776221 2.555930 0.000000
125   -3.777254 2.421476 0.000000
126   -3.778173 2.286981 0.000000
127   -3.779092 2.152486 0.000000
128   -3.779895 2.017961 0.000000
129   -3.780699 1.883435 0.000000
130   -3.781387 1.748890 0.000000
131   -3.782076 1.614344 0.000000
132   -3.782649 1.479788 0.000000
133   -3.783222 1.345233 0.000000
134   -3.783683 1.210676 0.000000
135   -3.784144 1.076120 0.000000
136   -3.784495 0.941572 0.000000
137   -3.784846 0.807024 0.000000
138   -3.785090 0.672493 0.000000
139   -3.785335 0.537962 0.000000
140   -3.785478 0.403456 0.000000
141   -3.785621 0.268950 0.000000
142   -3.785668 0.134475 0.000000
143   -3.785714 0.000000 0.000000
144   0.000000 3.678571 0.000000
145   -0.260567 3.678432 0.000000
146   -0.521229 3.678003 0.000000
147   -0.781965 3.677268 0.000000
148   -1.042751 3.676216 0.000000
149   -1.303563 3.674834 0.000000
150   -1.564373 3.673113 0.000000
151   -1.825153 3.671049 0.000000
152   -2.085872 3.668637 0.000000
153   -2.346500 3.665880 0.000000
154   -2.607004 3.662782 0.000000
155   -2.867355 3.659350 0.000000
156   -3.127522 3.655596 0.000000
157   -3.387476 3.651537 0.000000
158   -3.647190 3.647190 0.000000
159   -3.651537 3.387476 0.000000
160   -3.655596 3.127522 0.000000
161   -3.659350 2.867355 0.000000
162   -3.662782 2.607004 0.000000
163   -3.665880 2.346500 0.000000
164   -3.668637 2.085872 0.000000
165   -3.671049 1.825153 0.000000
166   -3.673113 1.564373 0.000000
167   -3.674834 1.303563 0.000000
168   -3.676216 1.042751 0.000000
169   -3.677268 0.781965 0.000000
170   -3.678003 0.521229 0.000000
171   -3.678432 0.260567 0.000000
172   -3.678571 0.000000 0.000000
173   0.000000 3.571429 0.000000
174   -0.126092 3.571336 0.000000
175   -0.252185 3.571243 0.000000
176   -0.378340 3.570956 0.000000
177   -0.504496 3.570670 0.000000
178   -0.630701 3.570181 0.000000
179   -0.756905 3.569691 0.000000
180   -0.883144 3.568990 0.000000
181   -1.009383 3.568288 0.000000
182   -1.135638 3.567366 0.000000
183   -1.261894 3.566445 0.000000
184   -1.388148 3.565298 0.000000
185   -1.514403 3.564151 0.000000
186   -1.640637 3.562775 0.000000
187   -1.766871 3.561398 0.000000
188   -1.893064 3.559791 0.000000
189   -2.019258 3.558183 0.000000
190   -2.145391 3.556345 0.000000
191   -2.271523 3.554507 0.000000
192   -2.397574 3.552441 0.000000
193   -2.523625 3.550376 0.000000
194   -2.649573 3.548088 0.000000
195   -2.775522 3.545800 0.000000
196   -2.901347 3.543297 0.000000
197   -3.027173 3.540795 0.000000
198   -3.152856 3.538089 0.000000
199   -3.278540 3.535382 0.000000
200   -3.404063 3.532484 0.000000
201   -3.529587 3.529587 0.000000
202   -3.532484 3.404063 0.000000
203   -3.535382 3.278540 0.000000
204   -3.538089 3.152856 0.000000
205   -3.540795 3.027173 0.000000
206   -3.543297 2.901347 0.000000
207   -3.545800 2.775522 0.000000
208   -3.548088 2.649573 0.000000
209   -3.550376 2.523625 0.000000
210   -3.552441 2.397574 0.000000
211   -3.554507 2.271523 0.000000
212   -3.556345 2.145391 0.000000
213   -3.558183 2.019258 0.000000
214   -3.559791 1.893064 0.000000
215   -3.561398 1.766871 0.000000
216   -3.562775 1.640637 0.000000
217   -3.564151 1.514403 0.000000
218   -3.565298 1.388148 0.000000
219   -3.566445 1.261894 0.000000
220   -3.567366 1.135638 0.000000
221   -3.568288 1.009383 0.000000
222   -3.568990 0.883144 0.000000
223   -3.569691 0.756905 0.000000
224   -3.570181 0.630701 0.000000
225   -3.570670 0.504496 0.000000
226   -3.570956 0.378340 0.000000
227   -3.571243 0.252185 0.000000
228   -3.571336 0.126092 0.000000
229   -3.571429 0.000000 0.000000
230   0.000000 3.464286 0.000000
231   -0.243803 3.464053 0.000000
232   -0.487763 3.463338 0.000000
233   -0.731846 3.462114 0.000000
234   -0.976014 3.460360 0.000000
235   -1.220224 3.458056 0.000000
236   -1.464432 3.455189 0.000000
237   -1.708588 3.451748 0.000000
238   -1.952644 3.447729 0.000000
239   -2.196547 3.443134 0.000000
240   -2.440245 3.437969 0.000000
241   -2.683688 3.432249 0.000000
242   -2.926823 3.425994 0.000000
243   -3.169603 3.419228 0.000000
244   -3.411983 3.411983 0.000000
245   -3.419228 3.169603 0.000000
246   -3.425994 2.926823 0.000000
247   -3.432249 2.683688 0.000000
248   -3.437969 2.440245 0.000000
249   -3.443134 2.196547 0.000000
250   -3.447729 1.952644 0.000000
251   -3.451748 1.708588 0.000000
252   -3.455189 1.464432 0.000000
253   -3.458056 1.220224 0.000000
254   -3.460360 0.976014 0.000000
255   -3.462114 0.731846 0.000000
256   -3.463338 0.487763 0.000000
257   -3.464053 0.243803 0.000000
258   -3.464286 0.000000 0.000000
259   0.000000 3.357143 0.000000
260   -0.117710 3.357003 0.000000
261   -0.235420 3.356864 0.000000
262   -0.353225 3.356435 0.000000
263   -0.471030 3.356005 0.000000
264   -0.588908 3.355271 0.000000
265   -0.706787 3.354537 0.000000
266   -0.824716 3.353484 0.000000
267   -0.942645 3.352432 0.000000
268   -1.060600 3.351050 0.000000
269   -1.178555 3.349667 0.000000
270   -1.296508 3.347947 0.000000
271   -1.414461 3.346227 0.000000
272   -1.532383 3.344162 0.000000
273   -1.650306 3.342097 0.000000
274   -1.768168 3.339686 0.000000
275   -1.886030 3.337275 0.000000
276   -2.003800 3.334518 0.000000
277   -2.121571 3.331761 0.000000
278   -2.239218 3.328662 0.000000
279   -2.356866 3.325563 0.000000
280   -2.474360 3.322131 0.000000
281   -2.591854 3.318699 0.000000
282   -2.709164 3.314946 0.000000
283   -2.826473 3.311192 0.000000
284   -2.943570 3.307133 0.000000
285   -3.060667 3.303073 0.000000
286   -3.177523 3.298727 0.000000
287   -3.294380 3.294380 0.000000
288   -3.298727 3.177523 0.000000
289   -3.303073 3.060667 0.000000
290   -3.307133 2.943570 0.000000
291   -3.311192 2.826473 0.000000
292   -3.314946 2.709164 0.000000
293   -3.318699 2.591854 0.000000
294   -3.322131 2.474360 0.000000
295   -3.325563 2.356866 0.000000
296   -3.328662 2.239218 0.000000
297   -3.331761 2.121571 0.000000
298   -3.334518 2.003800 0.000000
299   -3.337275 1.886030 0.000000
300   -3.339686 1.768168 0.000000
301   -3.342097 1.650306 0.000000
302   -3.344162 1.532383 0.000000
303   -3.346227 1.414461 0.000000
304   -3.347947 1.296508 0.000000
305   -3.349667 1.178555 0.000000
306   -3.351050 1.060600 0.000000
307   -3.352432 0.942645 0.000000
308   -3.353484 0.824716 0.000000
309   -3.354537 0.706787 0.000000
310   -3.355271 0.588908 0.000000
311   -3.356005 0.471030 0.000000
312   -3.356435 0.353225 0.000000
313   -3.356864 0.235420 0.000000
314   -3.357003 0.117710 0.000000
315   -3.357143 0.000000 0.000000
316   0.000000 3.250000 0.000000
317   -0.227038 3.249675 0.000000
318   -0.454296 3.248673 0.000000
319   -0.681727 3.246960 0.000000
320   -0.909277 3.244504 0.000000
321   -1.136885 3.241279 0.000000
322   -1.364490 3.237264 0.000000
323   -1.592024 3.232447 0.000000
324   -1.819416 3.226821 0.000000
325   -2.046594 3.220387 0.000000
326   -2.273486 3.213157 0.000000
327   -2.500020 3.205149 0.000000
328   -2.726124 3.196391 0.000000
329   -2.951730 3.186919 0.000000
330   -3.176777 3.176777 0.000000
331   -3.186919 2.951730 0.000000
332   -3.196391 2.726124 0.000000
333   -3.205149 2.500020 0.000000
334   -3.213157 2.273486 0.000000
335   -3.220387 2.046594 0.000000
336   -3.226821 1.819416 0.000000
337   -3.232447 1.592024 0.000000
338   -3.237264 1.364490 0.000000
339   -3.241279 1.136885 0.000000
340   -3.244504 0.909277 0.000000
341   -3.246960 0.681727 0.000000
342   -3.248673 0.454296 0.000000
343   -3.249675 0.227038 0.000000
344   -3.250000 0.000000 0.000000
345   0.000000 3.142857 0.000000
346   -0.109328 3.142671 0.000000
347   -0.218655 3.142485 0.000000
348   -0.328109 3.141913 0.000000
349   -0.437563 3.141340 0.000000
350   -0.547116 3.140362 0.000000
351   -0.656668 3.139383 0.000000
352   -0.766288 3.137979 0.000000
353   -0.875908 3.136576 0.000000
354   -0.985562 3.134733 0.000000
355   -1.095216 3.132890 0.000000
356   -1.204868 3.130596 0.000000
357   -1.314519 3.128302 0.000000
358   -1.424130 3.125549 0.000000
359   -1.533741 3.122797 0.000000
360   -1.643272 3.119582 0.000000
361   -1.752802 3.116367 0.000000
362   -1.862210 3.112690 0.000000
363   -1.971618 3.109014 0.000000
364   -2.080862 3.104883 0.000000
365   -2.190107 3.100751 0.000000
366   -2.299146 3.096175 0.000000
367   -2.408186 3.091599 0.000000
368   -2.516980 3.086594 0.000000
369   -2.625774 3.081590 0.000000
370   -2.734284 3.076177 0.000000
371   -2.842794 3.070764 0.000000
372   -2.950984 3.064969 0.000000
373   -3.059173 3.059173 0.000000
374   -3.064969 2.950984 0.000000
375   -3.070764 2.842794 0.000000
376   -3.076177 2.734284 0.000000
377   -3.081590 2.625774 0.000000
378   -3.086594 2.516980 0.000000
379   -3.091599 2.408186 0.000000
380   -3.096175 2.299146 0.000000
381   -3.100751 2.190107 0.000000
382   -3.104883 2.080862 0.000000
383   -3.109014 1.971618 0.000000
384   -3.112690 1.862210 0.000000
385   -3.116367 1.752802 0.000000
386   -3.119582 1.643272 0.000000
387   -3.122797 1.533741 0.000000
388   -3.125549 1.424130 0.000000
389   -3.128302 1.314519 0.000000
390   -3.130596 1.204868 0.000000
391   -3.132890 1.095216 0.000000
392   -3.134733 0.985562 0.000000
393   -3.136576 0.875908 0.000000
394   -3.137979 0.766288 0.000000
395   -3.139383 0.656668 0.000000
396   -3.140362 0.547116 0.000000
397   -3.141340 0.437563 0.000000
398   -3.141913 0.328109 0.000000
399   -3.142485 0.218655 0.000000
400   -3.142671 0.109328 0.000000
401   -3.142857 0.000000 0.000000
402   0.000000 3.035714 0.000000
403   -0.210273 3.035296 0.000000
404   -0.420830 3.034008 0.000000
405   -0.631609 3.031805 0.000000
406   -0.842539 3.028648 0.000000
407   -1.053547 3.024501 0.000000
408   -1.264549 3.019340 0.000000
409   -1.475459 3.013146 0.000000
410   -1.686188 3.005912 0.000000
411   -1.896642 2.997641 0.000000
412   -2.106727 2.988345 0.000000
413   -2.316352 2.978049 0.000000
414   -2.525424 2.966788 0.000000
415   -2.733858 2.954610 0.000000
416   -2.941570 2.941570 0.000000
417   -2.954610 2.733858 0.000000
418   -2.966788 2.525424 0.000000
419   -2.978049 2.316352 0.000000
420   -2.988345 2.106727 0.000000
421   -2.997641 1.896642 0.000000
422   -3.005912 1.686188 0.000000
423   -3.013146 1.475459 0.000000
424   -3.019340 1.264549 0.000000
425   -3.024501 1.053547 0.000000
426   -3.028648 0.842539 0.000000
427   -3.031805 0.631609 0.000000
428   -3.034008 0.420830 0.000000
429   -3.035296 0.210273 0.000000
430   -3.035714 0.000000 0.000000
431   0.000000 2.928571 0.000000
432   -0.100945 2.928339 0.000000
433   -0.201891 2.928107 0.000000
434   -0.302994 2.927391 0.000000
435   -0.404097 2.926676 0.000000
436   -0.505323 2.925452 0.000000
437   -0.606549 2.924228 0.000000
438   -0.707860 2.922474 0.000000
439   -0.809171 2.920720 0.000000
440   -0.910524 2.918416 0.000000
441   -1.011877 2.916112 0.000000
442   -1.113227 2.913245 0.000000
443   -1.214578 2.910378 0.000000
444   -1.315877 2.906937 0.000000
445   -1.417177 2.903496 0.000000
446   -1.518375 2.899477 0.000000
447   -1.619574 2.895458 0.000000
448   -1.720619 2.890863 0.000000
449   -1.821665 2.886268 0.000000
450   -1.922507 2.881103 0.000000
451   -2.023348 2.875939 0.000000
452   -2.123933 2.870219 0.000000
453   -2.224518 2.864499 0.000000
454   -2.324796 2.858243 0.000000
455   -2.425075 2.851987 0.000000
456   -2.524998 2.845221 0.000000
457   -2.624921 2.838455 0.000000
458   -2.724444 2.831211 0.000000
459   -2.823967 2.823967 0.000000
460   -2.831211 2.724444 0.000000
461   -2.838455 2.624921 0.000000
462   -2.845221 2.524998 0.000000
463   -2.851987 2.425075 0.000000
464   -2.858243 2.324796 0.000000
465   -2.864499 2.224518 0.000000
466   -2.870219 2.123933 0.000000
467   -2.875939 2.023348 0.000000
468   -2.881103 1.922507 0.000000
469   -2.886268 1.821665 0.000000
470   -2.890863 1.720619 0.000000
471   -2.895458 1.619574 0.000000
472   -2.899477 1.518375 0.000000
473   -2.903496 1.417177 0.000000
474   -2.906937 1.315877 0.000000
475   -2.910378 1.214578 0.000000
476   -2.913245 1.113227 0.000000
477   -2.916112 1.011877 0.000000
478   -2.918416 0.910524 0.000000
479   -2.920720 0.809171 0.000000
480   -2.922474 0.707860 0.000000
481   -2.924228 0.606549 0.000000
482   -2.925452 0.505323 0.000000
483   -2.926676 0.404097 0.000000
484   -2.927391 0.302994 0.000000
485   -2.928107 0.201891 0.000000
486   -2.928339 0.100945 0.000000
487   -2.928571 0.000000 0.000000
488   0.000000 2.821429 0.000000
489   -0.193508 2.820917 0.000000
490   -0.387364 2.819343 0.000000
491   -0.581490 2.816651 0.000000
492   -0.775802 2.812792 0.000000
493   -0.970208 2.807724 0.000000
494   -1.164607 2.801415 0.000000
495   -1.358894 2.793845 0.000000
496   -1.552959 2.785004 0.000000
497   -1.746689 2.774894 0.000000
498   -1.939968 2.763533 0.000000
499   -2.132684 2.750949 0.000000
500   -2.324725 2.737186 0.000000
501   -2.515985 2.722301 0.000000
502   -2.706363 2.706363 0.000000
503   -2.722301 2.515985 0.000000
504   -2.737186 2.324725 0.000000
505   -2.750949 2.132684 0.000000
506   -2.763533 1.939968 0.000000
507   -2.774894 1.746689 0.000000
508   -2.785004 1.552959 0.000000
509   -2.793845 1.358894 0.000000
510   -2.801415 1.164607 0.000000
511   -2.807724 0.970208 0.000000
512   -2.812792 0.775802 0.000000
513   -2.816651 0.581490 0.000000
514   -2.819343 0.387364 0.000000
515   -2.820917 0.193508 0.000000
516   -2.821429 0.000000 0.000000
517   0.000000 2.714286 0.000000
518   -0.092563 2.714007 0.000000
519   -0.185126 2.713728 0.000000
520   -0.277878 2.712869 0.000000
521   -0.370631 2.712011 0.000000
522   -0.463531 2.710542 0.000000
523   -0.556431 2.709074 0.000000
524   -0.649432 2.706969 0.000000
525   -0.742433 2.704864 0.000000
526   -0.835486 2.702099 0.000000
527   -0.928538 2.699335 0.000000
528   -1.021587 2.695894 0.000000
529   -1.114636 2.692453 0.000000
530   -1.207624 2.688324 0.000000
531   -1.300612 2.684195 0.000000
532   -1.393479 2.679372 0.000000
533   -1.486345 2.674550 0.000000
534   -1.579029 2.669036 0.000000
535   -1.671713 2.663521 0.000000
536   -1.764151 2.657324 0.000000
537   -1.856589 2.651127 0.000000
538   -1.948720 2.644263 0.000000
539   -2.040850 2.637399 0.000000
540   -2.132613 2.629892 0.000000
541   -2.224375 2.622385 0.000000
542   -2.315712 2.614266 0.000000
543   -2.407048 2.606147 0.000000
544   -2.497904 2.597453 0.000000
545   -2.588760 2.588760 0.000000
546   -2.597453 2.497904 0.000000
547   -2.606147 2.407048 0.000000
548   -2.614266 2.315712 0.000000
549   -2.622385 2.224375 0.000000
550   -2.629892 2.132613 0.000000
551   -2.637399 2.040850 0.000000
552   -2.644263 1.948720 0.000000
553   -2.651127 1.856589 0.000000
554   -2.657324 1.764151 0.000000
555   -2.663521 1.671713 0.000000
556   -2.669036 1.579029 0.000000
557   -2.674550 1.486345 0.000000
558   -2.679372 1.393479 0.000000
559   -2.684195 1.300612 0.000000
560   -2.688324 1.207624 0.000000
561   -2.692453 1.114636 0.000000
562   -2.695894 1.021587 0.000000
563   -2.699335 0.928538 0.000000
564   -2.702099 0.835486 0.000000
565   -2.704864 0.742433 0.000000
566   -2.706969 0.649432 0.000000
567   -2.709074 0.556431 0.000000
568   -2.710542 0.463531 0.000000
569   -2.712011 0.370631 0.000000
570   -2.712869 0.277878 0.000000
571   -2.713728 0.185126 0.000000
572   -2.714007 0.092563 0.000000
573   -2.714286 0.000000 0.000000
574   0.000000 2.607143 0.000000
575   -0.176744 2.606538 0.000000
576   -0.353897 2.604678 0.000000
577   -0.531371 2.601497 0.000000
578   -0.709065 2.596935 0.000000
579   -0.886869 2.590946 0.000000
580   -1.064665 2.583491 0.000000
581   -1.242330 2.574545 0.000000
582   -1.419731 2.564096 0.000000
583   -1.596736 2.552148 0.000000
584   -1.773210 2.538720 0.000000
585   -1.949016 2.523848 0.000000
586   -2.124026 2.507583 0.000000
587   -2.298112 2.489992 0.000000
588   -2.471157 2.471157 0.000000
589   -2.489992 2.298112 0.000000
590   -2.507583 2.124026 0.000000
591   -2.523848 1.949016 0.000000
592   -2.538720 1.773210 0.000000
593   -2.552148 1.596736 0.000000
594   -2.564096 1.419731 0.000000
595   -2.574545 1.242330 0.000000
596   -2.583491 1.064665 0.000000
597   -2.590946 0.886869 0.000000
598   -2.596935 0.709065 0.000000
599   -2.601497 0.531371 0.000000
600   -2.604678 0.353897 0.000000
601   -2.606538 0.176744 0.000000
602   -2.607143 0.000000 0.000000
603   0.000000 2.500000 0.000000
604   -0.084181 2.499675 0.000000
605   -0.168361 2.499349 0.000000
606   -0.252763 2.498347 0.000000
607   -0.337164 2.497346 0.000000
608   -0.421738 2.495633 0.000000
609   -0.506312 2.493919 0.000000
610   -0.591004 2.491463 0.000000
611   -0.675696 2.489007 0.000000
612   -0.760448 2.485782 0.000000
613   -0.845199 2.482557 0.000000
614   -0.929947 2.478543 0.000000
615   -1.014695 2.474529 0.000000
616   -1.099371 2.469711 0.000000
617   -1.184047 2.464894 0.000000
618   -1.268582 2.459268 0.000000
619   -1.353117 2.453642 0.000000
620   -1.437439 2.447208 0.000000
621   -1.521760 2.440775 0.000000
622   -1.605795 2.433545 0.000000
623   -1.689830 2.426314 0.000000
624   -1.773506 2.418306 0.000000
625   -1.857182 2.410298 0.000000
626   -1.940429 2.401540 0.000000
627   -2.023676 2.392782 0.000000
628   -2.106426 2.383310 0.000000
629   -2.189175 2.373838 0.000000
630   -2.271364 2.363695 0.000000
631   -2.353553 2.353553 0.000000
632   -2.363695 2.271364 0.000000
633   -2.373838 2.189175 0.000000
634   -2.383310 2.106426 0.000000
635   -2.392782 2.023676 0.000000
636   -2.401540 1.940429 0.000000
637   -2.410298 1.857182 0.000000
638   -2.418306 1.773506 0.000000
639   -2.426314 1.689830 0.000000
640   -2.433545 1.605795 0.000000
641   -2.440775 1.521760 0.000000
642   -2.447208 1.437439 0.000000
643   -2.453642 1.353117 0.000000
644   -2.459268 1.268582 0.000000
645   -2.464894 1.184047 0.000000
646   -2.469711 1.099371 0.000000
647   -2.474529 1.014695 0.000000
648   -2.478543 0.929947 0.000000
649   -2.482557 0.845199 0.000000
650   -2.485782 0.760448 0.000000
651   -2.489007 0.675696 0.000000
652   -2.491463 0.591004 0.000000
653   -2.493919 0.506312 0.000000
654   -2.495633 0.421738 0.000000
655   -2.497346 0.337164 0.000000
656   -2.498347 0.252763 0.000000
657   -2.499349 0.168361 0.000000
658   -2.499675 0.084181 0.000000
659   -2.500000 0.000000 0.000000
660   0.000000 2.392857 0.000000
661   -0.159979 2.392160 0.000000
662   -0.320431 2.390013 0.000000
663   -0.481252 2.386342 0.000000
664   -0.642328 2.381079 0.000000
665   -0.803530 2.374169 0.000000
666   -0.964724 2.365566 0.000000
667   -1.125765 2.355244 0.000000
668   -1.286503 2.343187 0.000000
669   -1.446784 2.329402 0.000000
670   -1.606451 2.313908 0.000000
671   -1.765349 2.296748 0.000000
672   -1.923326 2.277981 0.000000
673   -2.080239 2.257683 0.000000
674   -2.235950 2.235950 0.000000
675   -2.257683 2.080239 0.000000
676   -2.277981 1.923326 0.000000
677   -2.296748 1.765349 0.000000
678   -2.313908 1.606451 0.000000
679   -2.329402 1.446784 0.000000
680   -2.343187 1.286503 0.000000
681   -2.355244 1.125765 0.000000
682   -2.365566 0.964724 0.000000
683   -2.374169 0.803530 0.000000
684   -2.381079 0.642328 0.000000
685   -2.386342 0.481252 0.000000
686   -2.390013 0.320431 0.000000
687   -2.392160 0.159979 0.000000
688   -2.392857 0.000000 0.000000
689   0.000000 2.285714 0.000000
690   -0.075798 2.285342 0.000000
691   -0.151597 2.284970 0.000000
692   -0.227647 2.283826 0.000000
693   -0.303698 2.282681 0.000000
694   -0.379945 2.280723 0.000000
695   -0.456193 2.278765 0.000000
696   -0.532576 2.275958 0.000000
697   -0.608959 2.273151 0.000000
698   -0.685410 2.269466 0.000000
699   -0.761861 2.265780 0.000000
700   -0.838307 2.261192 0.000000
701   -0.914753 2.256604 0.000000
702   -0.991118 2.251099 0.000000
703   -1.067483 2.245593 0.000000
704   -1.143686 2.239163 0.000000
705   -1.219889 2.232733 0.000000
706   -1.295848 2.225381 0.000000
707   -1.371807 2.218028 0.000000
708   -1.447439 2.209765 0.000000
709   -1.523071 2.201502 0.000000
710   -1.598293 2.192350 0.000000
711   -1.673515 2.183198 0.000000
712   -1.748246 2.173189 0.000000
713   -1.822977 2.163179 0.000000
714   -1.897139 2.152354 0.000000
715   -1.971302 2.141529 0.000000
716   -2.044824 2.129938 0.000000
717   -2.118347 2.118347 0.000000
718   -2.129938 2.044824 0.000000
719   -2.141529 1.971302 0.000000
720   -2.152354 1.897139 0.000000
721   -2.163179 1.822977 0.000000
722   -2.173189 1.748246 0.000000
723   -2.183198 1.673515 0.000000
724   -2.192350 1.598293 0.000000
725   -2.201502 1.523071 0.000000
726   -2.209765 1.447439 0.000000
727   -2.218028 1.371807 0.000000
728   -2.225381 1.295848 0.000000
729   -2.232733 1.219889 0.000000
730   -2.239163 1.143686 0.000000
731   -2.245593 1.067483 0.000000
732   -2.251099 0.991118 0.000000
733   -2.256604 0.914753 0.000000
734   -2.261192 0.838307 0.000000
735   -2.265780 0.761861 0.000000
736   -2.269466 0.685410 0.000000
737   -2.273151 0.608959 0.000000
738   -2.275958 0.532576 0.000000
739   -2.278765 0.456193 0.000000
740   -2.280723 0.379945 0.000000
741   -2.282681 0.303698 0.000000
742   -2.283826 0.227647 0.000000
743   -2.284970 0.151597 0.000000
744   -2.285342 0.075798 0.000000
745   -2.285714 0.000000 0.000000
746   0.000000 2.178571 0.000000
747   -0.143214 2.177781 0.000000
748   -0.286965 2.175349 0.000000
749   -0.431134 2.171188 0.000000
750   -0.575590 2.165223 0.000000
751   -0.720191 2.157391 0.000000
752   -0.864782 2.147642 0.000000
753   -1.009200 2.135943 0.000000
754   -1.153275 2.122279 0.000000
755   -1.296831 2.106655 0.000000
756   -1.439692 2.089096 0.000000
757   -1.581681 2.069648 0.000000
758   -1.722627 2.048378 0.000000
759   -1.862366 2.025374 0.000000
760   -2.000743 2.000743 0.000000
761   -2.025374 1.862366 0.000000
762   -2.048378 1.722627 0.000000
763   -2.069648 1.581681 0.000000
764   -2.089096 1.439692 0.000000
765   -2.106655 1.296831 0.000000
766   -2.122279 1.153275 0.000000
767   -2.135943 1.009200 0.000000
768   -2.147642 0.864782 0.000000
769   -2.157391 0.720191 0.000000
770   -2.165223 0.575590 0.000000
771   -2.171188 0.431134 0.000000
772   -2.175349 0.286965 0.000000
773   -2.177781 0.143214 0.000000
774   -2.178571 0.000000 0.000000
775   0.000000 2.071429 0.000000
776   -0.067416 2.071010 0.000000
777   -0.134832 2.070592 0.000000
778   -0.202532 2.069304 0.000000
779   -0.270232 2.068016 0.000000
780   -0.338153 2.065813 0.000000
781   -0.406074 2.063611 0.000000
782   -0.474148 2.060453 0.000000
783   -0.542222 2.057295 0.000000
784   -0.610372 2.053149 0.000000
785   -0.678522 2.049002 0.000000
786   -0.746667 2.043841 0.000000
787   -0.814811 2.038680 0.000000
788   -0.882865 2.032486 0.000000
789   -0.950918 2.026292 0.000000
790   -1.018789 2.019059 0.000000
791   -1.086661 2.011825 0.000000
792   -1.154258 2.003553 0.000000
793   -1.221855 1.995282 0.000000
794   -1.289083 1.985986 0.000000
795   -1.356312 1.976690 0.000000
796   -1.423079 1.966394 0.000000
797   -1.489847 1.956098 0.000000
798   -1.556062 1.944837 0.000000
799   -1.622277 1.933577 0.000000
800   -1.687853 1.921398 0.000000
801   -1.753429 1.909220 0.000000
802   -1.818285 1.896180 0.000000
803   -1.883140 1.883140 0.000000
804   -1.896180 1.818285 0.000000
805   -1.909220 1.753429 0.000000
806   -1.921398 1.687853 0.000000
807   -1.933577 1.622277 0.000000
808   -1.944837 1.556062 0.000000
809   -1.956098 1.489847 0.000000
810   -1.966394 1.423079 0.000000
811   -1.976690 1.356312 0.000000
812   -1.985986 1.289083 0.000000
813   -1.995282 1.221855 0.000000
814   -2.003553 1.154258 0.000000
815   -2.011825 1.086661 0.000000
816   -2.019059 1.018789 0.000000
817   -2.026292 0.950918 0.000000
818   -2.032486 0.882865 0.000000
819   -2.038680 0.814811 0.000000
820   -2.043841 0.746667 0.000000
821   -2.049002 0.678522 0.000000
822   -2.053149 0.610372 0.000000
823   -2.057295 0.542222 0.000000
824   -2.060453 0.474148 0.000000
825   -2.063611 0.406074 0.000000
826   -2.065813 0.338153 0.000000
827   -2.068016 0.270232 0.000000
828   -2.069304 0.202532 0.000000
829   -2.070592 0.134832 0.000000
830   -2.071010 0.067416 0.000000
831   -2.071429 0.000000 0.000000
832   0.000000 1.964286 0.000000
833   -0.126450 1.963402 0.000000
834   -0.253498 1.960684 0.000000
835   -0.381015 1.956034 0.000000
836   -0.508853 1.949367 0.000000
837   -0.636852 1.940614 0.000000
838   -0.764841 1.929717 0.000000
839   -0.892636 1.916642 0.000000
840   -1.020047 1.901371 0.000000
841   -1.146878 1.883909 0.000000
842   -1.272933 1.864284 0.000000
843   -1.398013 1.842548 0.000000
844   -1.521928 1.818776 0.000000
845   -1.644493 1.793065 0.000000
846   -1.765537 1.765537 0.000000
847   -1.793065 1.644493 0.000000
848   -1.818776 1.521928 0.000000
849   -1.842548 1.398013 0.000000
850   -1.864284 1.272933 0.000000
851   -1.883909 1.146878 0.000000
852   -1.901371 1.020047 0.000000
853   -1.916642 0.892636 0.000000
854   -1.929717 0.764841 0.000000
855   -1.940614 0.636852 0.000000
856   -1.949367 0.508853 0.000000
857   -1.956034 0.381015 0.000000
858   -1.960684 0.253498 0.000000
859   -1.963402 0.126450 0.000000
860   -1.964286 0.000000 0.000000
861   0.000000 1.857143 0.000000
862   -0.059034 1.856678 0.000000
863   -0.118067 1.856213 0.000000
864   -0.177416 1.854782 0.000000
865   -0.236765 1.853351 0.000000
866   -0.296360 1.850904 0.000000
867   -0.355956 1.848456 0.000000
868   -0.415720 1.844948 0.000000
869   -0.475484 1.841439 0.000000
870   -0.535334 1.836832 0.000000
871   -0.595183 1.832225 0.000000
872   -0.655026 1.826490 0.000000
873   -0.714870 1.820755 0.000000
874   -0.774612 1.813873 0.000000
875   -0.834353 1.806992 0.000000
876   -0.893893 1.798954 0.000000
877   -0.953433 1.790917 0.000000
878   -1.012667 1.781726 0.000000
879   -1.071902 1.772535 0.000000
880   -1.130728 1.762207 0.000000
881   -1.189553 1.751878 0.000000
882   -1.247866 1.740438 0.000000
883   -1.306179 1.728998 0.000000
884   -1.363878 1.716486 0.000000
885   -1.421578 1.703974 0.000000
886   -1.478567 1.690443 0.000000
887   -1.535556 1.676911 0.000000
888   -1.591745 1.662422 0.000000
889   -1.647933 1.647933 0.000000
890   -1.662422 1.591745 0.000000
891   -1.676911 1.535556 0.000000
892   -1.690443 1.478567 0.000000
893   -1.703974 1.421578 0.000000
894   -1.716486 1.363878 0.000000
895   -1.728998 1.306179 0.000000
896   -1.740438 1.247866 0.000000
897   -1.751878 1.189553 0.000000
898   -1.762207 1.130728 0.000000
899   -1.772535 1.071902 0.000000
900   -1.781726 1.012667 0.000000
901   -1.790917 0.953433 0.000000
902   -1.798954 0.893893 0.000000
903   -1.806992 0.834353 0.000000
904   -1.813873 0.774612 0.000000
905   -1.820755 0.714870 0.000000
906   -1.826490 0.655026 0.000000
907   -1.832225 0.595183 0.000000
908   -1.836832 0.535334 0.000000
909   -1.841439 0.475484 0.000000
910   -1.844948 0.415720 0.000000
911   -1.848456 0.355956 0.000000
912   -1.850904 0.296360 0.000000
913   -1.853351 0.236765 0.000000
914   -1.854782 0.177416 0.000000
915   -1.856213 0.118067 0.000000
916   -1.856678 0.059034 0.000000
917   -1.857143 0.000000 0.000000
918   0.000000 1.750000 0.000000
919   -0.109685 1.749024 0.000000
920   -0.220032 1.746019 0.000000
921   -0.330896 1.740879 0.000000
922   -0.442116 1.733511 0.000000
923   -0.553513 1.723836 0.000000
924   -0.664899 1.711793 0.000000
925   -0.776071 1.697341 0.000000
926   -0.886819 1.680462 0.000000
927   -0.996926 1.661162 0.000000
928   -1.106174 1.639472 0.000000
929   -1.214345 1.615448 0.000000
930   -1.321228 1.589173 0.000000
931   -1.426620 1.560756 0.000000
932   -1.530330 1.530330 0.000000
933   -1.560756 1.426620 0.000000
934   -1.589173 1.321228 0.000000
935   -1.615448 1.214345 0.000000
936   -1.639472 1.106174 0.000000
937   -1.661162 0.996926 0.000000
938   -1.680462 0.886819 0.000000
939   -1.697341 0.776071 0.000000
940   -1.711793 0.664899 0.000000
941   -1.723836 0.553513 0.000000
942   -1.733511 0.442116 0.000000
943   -1.740879 0.330896 0.000000
944   -1.746019 0.220032 0.000000
945   -1.749024 0.109685 0.000000
946   -1.750000 0.000000 0.000000
947   0.000000 1.642857 0.000000
948   -0.050651 1.642346 0.000000
949   -0.101302 1.641834 0.000000
950   -0.152301 1.640260 0.000000
951   -0.203299 1.638686 0.000000
952   -0.254568 1.635994 0.000000
953   -0.305837 1.633302 0.000000
954   -0.357292 1.629443 0.000000
955   -0.408747 1.625583 0.000000
956   -0.460296 1.620515 0.000000
957   -0.511844 1.615447 0.000000
958   -0.563386 1.609139 0.000000
959   -0.614928 1.602831 0.000000
960   -0.666359 1.595261 0.000000
961   -0.717789 1.587691 0.000000
962   -0.768997 1.578850 0.000000
963   -0.820205 1.570008 0.000000
964   -0.871077 1.559899 0.000000
965   -0.921949 1.549789 0.000000
966   -0.972372 1.538427 0.000000
967   -1.022794 1.527065 0.000000
968   -1.072653 1.514481 0.000000
969   -1.122511 1.501897 0.000000
970   -1.171695 1.488135 0.000000
971   -1.220878 1.474372 0.000000
972   -1.269281 1.459487 0.000000
973   -1.317683 1.444602 0.000000
974   -1.365205 1.428664 0.000000
975   -1.412727 1.412727 0.000000
976   -1.428664 1.365205 0.000000
977   -1.444602 1.317683 0.000000
978   -1.459487 1.269281 0.000000
979   -1.474372 1.220878 0.000000
980   -1.488135 1.171695 0.000000
981   -1.501897 1.122511 0.000000
982   -1.514481 1.072653 0.000000
983   -1.527065 1.022794 0.000000
984   -1.538427 0.972372 0.000000
985   -1.549789 0.921949 0.000000
986   -1.559899 0.871077 0.000000
987   -1.570008 0.820205 0.000000
988   -1.578850 0.768997 0.000000
989   -1.587691 0.717789 0.000000
990   -1.595261 0.666359 0.000000
991   -1.602831 0.614928 0.000000
992   -1.609139 0.563386 0.000000
993   -1.615447 0.511844 0.000000
994   -1.620515 0.460296 0.000000
995   -1.625583 0.408747 0.000000
996   -1.629443 0.357292 0.000000
997   -1.633302 0.305837 0.000000
998   -1.635994 0.254568 0.000000
999   -1.638686 0.203299 0.000000
1000   -1.640260 0.152301 0.000000
1001   -1.641834 0.101302 0.000000
1002   -1.642346 0.050651 0.000000
1003   -1.642857 0.000000 0.000000
1004   0.000000 1.535714 0.000000
1005   -0.092920 1.534645 0.000000
1006   -0.186566 1.531354 0.000000
1007   -0.280778 1.525725 0.000000
1008   -0.375378 1.517655 0.000000
1009   -0.470175 1.507059 0.000000
1010   -0.564958 1.493868 0.000000
1011   -0.659506 1.478040 0.000000
1012   -0.753590 1.459554 0.000000
1013   -0.846973 1.438416 0.000000
1014   -0.939415 1.414659 0.000000
1015   -1.030677 1.388347 0.000000
1016   -1.120529 1.359570 0.000000
1017   -1.208747 1.328447 0.000000
1018   -1.295123 1.295123 0.000000
1019   -1.328447 1.208747 0.000000
1020   -1.359570 1.120529 0.000000
1021   -1.388347 1.030677 0.000000
1022   -1.414659 0.939415 0.000000
1023   -1.438416 0.846973 0.000000
1024   -1.459554 0.753590 0.000000
1025   -1.478040 0.659506 0.000000
1026   -1.493868 0.564958 0.000000
1027   -1.507059 0.470175 0.000000
1028   -1.517655 0.375378 0.000000
1029   -1.525725 0.280778 0.000000
1030   -1.531354 0.186566 0.000000
1031   -1.534645 0.092920 0.000000
1032   -1.535714 0.000000 0.000000
1033   0.000000 1.428571 0.000000
1034   -0.042269 1.428014 0.000000
1035   -0.084538 1.427456 0.000000
1036   -0.127185 1.425739 0.000000
1037   -0.169833 1.424021 0.000000
1038   -0.212775 1.421085 0.000000
1039   -0.255718 1.418148 0.000000
1040   -0.298864 1.413937 0.000000
1041   -0.342010 1.409727 0.000000
1042   -0.385257 1.404198 0.000000
1043   -0.428505 1.398670 0.000000
1044   -0.471746 1.391788 0.000000
1045   -0.514987 1.384906 0.000000
1046   -0.558105 1.376648 0.000000
1047   -0.601224 1.368390 0.000000
1048   -0.644100 1.358745 0.000000
1049   -0.686976 1.349100 0.000000
1050   -0.729487 1.338071 0.000000
1051   -0.771997 1.327043 0.000000
1052   -0.814016 1.314648 0.000000
1053   -0.856035 1.302253 0.000000
1054   -0.897439 1.288525 0.000000
1055   -0.938843 1.274797 0.000000
1056   -0.979511 1.259783 0.000000
1057   -1.020179 1.244769 0.000000
1058   -1.059995 1.228531 0.000000
1059   -1.099810 1.212293 0.000000
1060   -1.138665 1.194907 0.000000
1061   -1.177520 1.177520 0.000000
1062   -1.194907 1.138665 0.000000
1063   -1.212293 1.099810 0.000000
1064   -1.228531 1.059995 0.000000
1065   -1.244769 1.020179 0.000000
1066   -1.259783 0.979511 0.000000
1067   -1.274797 0.938843 0.000000
1068   -1.288525 0.897439 0.000000
1069   -1.302253 0.856035 0.000000
1070   -1.314648 0.814016 0.000000
1071   -1.327043 0.771997 0.000000
1072   -1.338071 0.729487 0.000000
1073   -1.349100 0.686976 0.000000
1074   -1.358745 0.644100 0.000000
1075   -1.368390 0.601224 0.000000
1076   -1.376648 0.558105 0.000000
1077   -1.384906 0.514987 0.000000
1078   -1.391788 0.471746 0.000000
1079   -1.398670 0.428505 0.000000
1080   -1.404198 0.385257 0.000000
1081   -1.409727 0.342010 0.000000
1082   -1.413937 0.298864 0.000000
1083   -1.418148 0.255718 0.000000
1084   -1.421085 0.212775 0.000000
1085   -1.424021 0.169833 0.000000
1086   -1.425739 0.127185 0.000000
1087   -1.427456 0.084538 0.000000
1088   -1.428014 0.042269 0.000000
1089   -1.428571 0.000000 0.000000
1090   0.000000 1.321429 0.000000
1091   -0.076155 1.320266 0.000000
1092   -0.153099 1.316689 0.000000
1093   -0.230659 1.310570 0.000000
1094   -0.308641 1.301799 0.000000
1095   -0.386836 1.290281 0.000000
1096   -0.465016 1.275944 0.000000
1097   -0.542942 1.258740 0.000000
1098   -0.620362 1.238646 0.000000
1099   -0.697020 1.215669 0.000000
1100   -0.772656 1.189847 0.000000
1101   -0.847009 1.161247 0.000000
1102   -0.919829 1.129968 0.000000
1103   -0.990874 1.096139 0.000000
1104   -1.059917 1.059917 0.000000
1105   -1.096139 0.990874 0.000000
1106   -1.129968 0.919829 0.000000
1107   -1.161247 0.847009 0.000000
1108   -1.189847 0.772656 0.000000
1109   -1.215669 0.697020 0.000000
1110   -1.238646 0.620362 0.000000
1111   -1.258740 0.542942 0.000000
1112   -1.275944 0.465016 0.000000
1113   -1.290281 0.386836 0.000000
1114   -1.301799 0.308641 0.000000
1115   -1.310570 0.230659 0.000000
1116   -1.316689 0.153099 0.000000
1117   -1.320266 0.076155 0.000000
1118   -1.321429 0.000000 0.000000
1119   0.000000 1.214286 0.000000
1120   -0.033887 1.213681 0.000000
1121   -0.067773 1.213077 0.000000
1122   -0.102070 1.211217 0.000000
1123   -0.136366 1.209357 0.000000
1124   -0.170983 1.206175 0.000000
1125   -0.205599 1.202993 0.000000
1126   -0.240436 1.198432 0.000000
1127   -0.275272 1.193871 0.000000
1128   -0.310219 1.187882 0.000000
1129   -0.345166 1.181892 0.000000
1130   -0.380106 1.174437 0.000000
1131   -0.415045 1.166982 0.000000
1132   -0.449852 1.158035 0.000000
1133   -0.484659 1.149089 0.000000
1134   -0.519204 1.138640 0.000000
1135   -0.553748 1.128192 0.000000
1136   -0.587896 1.116244 0.000000
1137   -0.622044 1.104296 0.000000
1138   -0.655660 1.090869 0.000000
1139   -0.689276 1.077441 0.000000
1140   -0.722226 1.062569 0.000000
1141   -0.755176 1.047697 0.000000
1142   -0.787328 1.031432 0.000000
1143   -0.819480 1.015167 0.000000
1144   -0.850709 0.997575 0.000000
1145   -0.881938 0.979984 0.000000
1146   -0.912125 0.961149 0.000000
1147   -0.942313 0.942313 0.000000
1148   -0.961149 0.912125 0.000000
1149   -0.979984 0.881938 0.000000
1150   -0.997575 0.850709 0.000000
1151   -1.015167 0.819480 0.000000
1152   -1.031432 0.787328 0.000000
1153   -1.047697 0.755176 0.000000
1154   -1.062569 0.722226 0.000000
1155   -1.077441 0.689276 0.000000
1156   -1.090869 0.655660 0.000000
1157   -1.104296 0.622044 0.000000
1158   -1.116244 0.587896 0.000000
1159   -1.128192 0.553748 0.000000
1160   -1.138640 0.519204 0.000000
1161   -1.149089 0.484659 0.000000
1162   -1.158035 0.449852 0.000000
1163   -1.166982 0.415045 0.000000
1164   -1.174437 0.380106 0.000000
1165   -1.181892 0.345166 0.000000
1166   -1.187882 0.310219 0.000000
1167   -1.193871 0.275272 0.000000
1168   -1.198432 0.240436 0.000000
1169   -1.202993 0.205599 0.000000
1170   -1.206175 0.170983 0.000000
1171   -1.209357 0.136366 0.000000
1172   -1.211217 0.102070 0.000000
1173   -1.213077 0.067773 0.000000
1174   -1.213681 0.033887 0.000000
1175   -1.214286 0.000000 0.000000
1176   0.000000 1.107143 0.000000
1177   -0.059391 1.105888 0.000000
1178   -0.119633 1.102024 0.000000
1179   -0.180540 1.095416 0.000000
1180   -0.241904 1.085943 0.000000
1181   -0.303497 1.073503 0.000000
1182   -0.365074 1.058020 0.000000
1183   -0.426377 1.039439 0.000000
1184   -0.487134 1.017737 0.000000
1185   -0.547068 0.992923 0.000000
1186   -0.605897 0.965035 0.000000
1187   -0.663342 0.934147 0.000000
1188   -0.719130 0.900365 0.000000
1189   -0.773001 0.863830 0.000000
1190   -0.824710 0.824710 0.000000
1191   -0.863830 0.773001 0.000000
1192   -0.900365 0.719130 0.000000
1193   -0.934147 0.663342 0.000000
1194   -0.965035 0.605897 0.000000
1195   -0.992923 0.547068 0.000000
1196   -1.017737 0.487134 0.000000
1197   -1.039439 0.426377 0.000000
1198   -1.058020 0.365074 0.000000
1199   -1.073503 0.303497 0.000000
1200   -1.085943 0.241904 0.000000
1201   -1.095416 0.180540 0.000000
1202   -1.102024 0.119633 0.000000
1203   -1.105888 0.059391 0.000000
1204   -1.107143 0.000000 0.000000
1205   0.000000 1.000000 0.000000
1206   -0.025383 0.999678 0.000000
1207   -0.051008 0.998698 0.000000
1208   -0.076855 0.997042 0.000000
1209   -0.102900 0.994692 0.000000
1210   -0.129117 0.991629 0.000000
1211   -0.155481 0.987839 0.000000
1212   -0.181963 0.983305 0.000000
1213   -0.208535 0.978015 0.000000
1214   -0.235167 0.971955 0.000000
1215   -0.261827 0.965115 0.000000
1216   -0.288484 0.957485 0.000000
1217   -0.315104 0.949057 0.000000
1218   -0.341652 0.939827 0.000000
1219   -0.368095 0.929788 0.000000
1220   -0.394396 0.918941 0.000000
1221   -0.420520 0.907283 0.000000
1222   -0.446431 0.894818 0.000000
1223   -0.472091 0.881550 0.000000
1224   -0.497466 0.867484 0.000000
1225   -0.522517 0.852629 0.000000
1226   -0.547210 0.836996 0.000000
1227   -0.571508 0.820597 0.000000
1228   -0.595376 0.803447 0.000000
1229   -0.618780 0.785564 0.000000
1230   -0.641687 0.766966 0.000000
1231   -0.664065 0.747675 0.000000
1232   -0.685881 0.727714 0.000000
1233   -0.707107 0.707107 0.000000
1234   -0.727714 0.685881 0.000000
1235   -0.747675 0.664065 0.000000
1236   -0.766966 0.641687 0.000000
1237   -0.785564 0.618780 0.000000
1238   -0.803447 0.595376 0.000000
1239   -0.820597 0.571508 0.000000
1240   -0.836996 0.547210 0.000000
1241   -0.852629 0.522517 0.000000
1242   -0.867484 0.497466 0.000000
1243   -0.881550 0.472091 0.000000
1244   -0.894818 0.446431 0.000000
1245   -0.907283 0.420520 0.000000
1246   -0.918941 0.394396 0.000000
1247   -0.929788 0.368095 0.000000
1248   -0.939827 0.341652 0.000000
1249   -0.949057 0.315104 0.000000
1250   -0.957485 0.288484 0.000000
1251   -0.965115 0.261827 0.000000
1252   -0.971955 0.235167 0.000000
1253   -0.978015 0.208535 0.000000
1254   -0.983305 0.181963 0.000000
1255   -0.987839 0.155481 0.000000
1256   -0.991629 0.129117 0.000000
1257   -0.994692 0.102900 0.000000
1258   -0.997042 0.076855 0.000000
1259   -0.998698 0.051008 0.000000
1260   -0.999678 0.025383 0.000000
1261   -1.000000 0.000000 0.000000

%NODE.SUPPORT
58
1   1 0 0 0 0 0
57   0 1 0 0 0 0
58   1 0 0 0 0 0
86   0 1 0 0 0 0
87   1 0 0 0 0 0
143   0 1 0 0 0 0
144   1 0 0 0 0 0
172   0 1 0 0 0 0
173   1 0 0 0 0 0
229   0 1 0 0 0 0
230   1 0 0 0 0 0
258   0 1 0 0 0 0
259   1 0 0 0 0 0
315   0 1 0 0 0 0
316   1 0 0 0 0 0
344   0 1 0 0 0 0
345   1 0 0 0 0 0
401   0 1 0 0 0 0
402   1 0 0 0 0 0
430   0 1 0 0 0 0
431   1 0 0 0 0 0
487   0 1 0 0 0 0
488   1 0 0 0 0 0
516   0 1 0 0 0 0
517   1 0 0 0 0 0
573   0 1 0 0 0 0
574   1 0 0 0 0 0
602   0 1 0 0 0 0
603   1 0 0 0 0 0
659   0 1 0 0 0 0
660   1 0 0 0 0 0
688   0 1 0 0 0 0
689   1 0 0 0 0 0
745   0 1 0 0 0 0
746   1 0 0 0 0 0
774   0 1 0 0 0 0
775   1 0 0 0 0 0
831   0 1 0 0 0 0
832   1 0 0 0 0 0
860   0 1 0 0 0 0
861   1 0 0 0 0 0
917   0 1 0 0 0 0
918   1 0 0 0 0 0
946   0 1 0 0 0 0
947   1 0 0 0 0 0
1003   0 1 0 0 0 0
1004   1 0 0 0 0 0
1032   0 1 0 0 0 0
1033   1 0 0 0 0 0
1089   0 1 0 0 0 0
1090   1 0 0 0 0 0
1118   0 1 0 0 0 0
1119   1 0 0 0 0 0
1175   0 1 0 0 0 0
1176   1 0 0 0 0 0
1204   0 1 0 0 0 0
1205   1 0 0 0 0 0
1261   0 1 0 0 0 0

%MATERIAL
1

%MATERIAL.ISOTROPIC
1
1   100000.0 0.300000

%THICKNESS
1
1   1.000000

%INTEGRATION.ORDER
4
1 1 1 1 1 1 1
2 3 3 1 3 3 1
3 1 1 1 1 1 1
4 3 3 1 3 3 1

%ELEMENT
392


%ELEMENT.Q8
392
1   1 1 4 1 2 3 59 89 88 87 58
2   1 1 4 87 88 89 145 175 174 173 144
3   1 1 4 173 174 175 231 261 260 259 230
4   1 1 4 259 260 261 317 347 346 345 316
5   1 1 4 345 346 347 403 433 432 431 402
6   1 1 4 431 432 433 489 519 518 517 488
7   1 1 4 517 518 519 575 605 604 603 574
8   1 1 4 603 604 605 661 691 690 689 660
9   1 1 4 689 690 691 747 777 776 775 746
10   1 1 4 775 776 777 833 863 862 861 832
11   1 1 4 861 862 863 919 949 948 947 918
12   1 1 4 947 948 949 1005 1035 1034 1033 1004
13   1 1 4 1033 1034 1035 1091 1121 1120 1119 1090
14   1 1 4 1119 1120 1121 1177 1207 1206 1205 1176
15   1 1 4 3 4 5 60 91 90 89 59
16   1 1 4 89 90 91 146 177 176 175 145
17   1 1 4 175 176 177 232 263 262 261 231
18   1 1 4 261 262 263 318 349 348 347 317
19   1 1 4 347 348 349 404 435 434 433 403
20   1 1 4 433 434 435 490 521 520 519 489
21   1 1 4 519 520 521 576 607 606 605 575
22   1 1 4 605 606 607 662 693 692 691 661
23   1 1 4 691 692 693 748 779 778 777 747
24   1 1 4 777 778 779 834 865 864 863 833
25   1 1 4 863 864 865 920 951 950 949 919
26   1 1 4 949 950 951 1006 1037 1036 1035 1005
27   1 1 4 1035 1036 1037 1092 1123 1122 1121 1091
28   1 1 4 1121 1122 1123 1178 1209 1208 1207 1177
29   1 1 4 5 6 7 61 93 92 91 60
30   1 1 4 91 92 93 147 179 178 177 146
31   1 1 4 177 178 179 233 265 264 263 232
32   1 1 4 263 264 265 319 351 350 349 318
33   1 1 4 349 350 351 405 437 436 435 404
34   1 1 4 435 436 437 491 523 522 521 490
35   1 1 4 521 522 523 577 609 608 607 576
36   1 1 4 607 608 609 663 695 694 693 662
37   1 1 4 693 694 695 749 781 780 779 748
38   1 1 4 779 780 781 835 867 866 865 834
39   1 1 4 865 866 867 921 953 952 951 920
40   1 1 4 951 952 953 1007 1039 1038 1037 1006
41   1 1 4 1037 1038 1039 1093 1125 1124 1123 1092
42   1 1 4 1123 1124 1125 1179 1211 1210 1209 1178
43   1 1 4 7 8 9 62 95 94 93 61
44   1 1 4 93 94 95 148 181 180 179 147
45   1 1 4 179 180 181 234 267 266 265 233
46   1 1 4 265 266 267 320 353 352 351 319
47   1 1 4 351 352 353 406 439 438 437 405
48   1 1 4 437 438 439 492 525 524 523 491
49   1 1 4 523 524 525 578 611 610 609 577
50   1 1 4 609 610 611 664 697 696 695 663
51   1 1 4 695 696 697 750 783 782 781 749
52   1 1 4 781 782 783 836 869 868 867 835
53   1 1 4 867 868 869 922 955 954 953 921
54   1 1 4 953 954 955 1008 1041 1040 1039 1007
55   1 1 4 1039 1040 1041 1094 1127 1126 1125 1093
56   1 1 4 1125 1126 1127 1180 1213 1212 1211 1179
57   1 1 4 9 10 11 63 97 96 95 62
58   1 1 4 95 96 97 149 183 182 181 148
59   1 1 4 181 182 183 235 269 268 267 234
60   1 1 4 267 268 269 321 355 354 353 320
61   1 1 4 353 354 355 407 441 440 439 406
62   1 1 4 439 440 441 493 527 526 525 492
63   1 1 4 525 526 527 579 613 612 611 578
64   1 1 4 611 612 613 665 699 698 697 664
65   1 1 4 697 698 699 751 785 784 783 750
66   1 1 4 783 784 785 837 871 870 869 836
67   1 1 4 869 870 871 923 957 956 955 922
68   1 1 4 955 956 957 1009 1043 1042 1041 1008
69   1 1 4 1041 1042 1043 1095 1129 1128 1127 1094
70   1 1 4 1127 1128 1129 1181 1215 1214 1213 1180
71   1 1 4 11 12 13 64 99 98 97 63
72   1 1 4 97 98 99 150 185 184 183 149
73   1 1 4 183 184 185 236 271 270 269 235
74   1 1 4 269 270 271 322 357 356 355 321
75   1 1 4 355 356 357 408 443 442 441 407
76   1 1 4 441 442 443 494 529 528 527 493
77   1 1 4 527 528 529 580 615 614 613 579
78   1 1 4 613 614 615 666 701 700 699 665
79   1 1 4 699 700 701 752 787 786 785 751
80   1 1 4 785 786 787 838 873 872 871 837
81   1 1 4 871 872 873 924 959 958 957 923
82   1 1 4 957 958 959 1010 1045 1044 1043 1009
83   1 1 4 1043 1044 1045 1096 1131 1130 1129 1095
84   1 1 4 1129 1130 1131 1182 1217 1216 1215 1181
85   1 1 4 13 14 15 65 101 100 99 64
86   1 1 4 99 100 101 151 187 186 185 150
87   1 1 4 185 186 187 237 273 272 271 236
88   1 1 4 271 272 273 323 359 358 357 322
89   1 1 4 357 358 359 409 445 444 443 408
90   1 1 4 443 444 445 495 531 530 529 494
91   1 1 4 529 530 531 581 617 616 615 580
92   1 1 4 615 616 617 667 703 702 701 666
93   1 1 4 701 702 703 753 789 788 787 752
94   1 1 4 787 788 789 839 875 874 873 838
95   1 1 4 873 874 875 925 961 960 959 924
96   1 1 4 959 960 961 1011 1047 1046 1045 1010
97   1 1 4 1045 1046 1047 1097 1133 1132 1131 1096
98   1 1 4 1131 1132 1133 1183 1219 1218 1217 1182
99   1 1 4 15 16 17 66 103 102 101 65
100   1 1 4 101 102 103 152 189 188 187 151
101   1 1 4 187 188 189 238 275 274 273 237
102   1 1 4 273 274 275 324 361 360 359 323
103   1 1 4 359 360 361 410 447 446 445 409
104   1 1 4 445 446 447 496 533 532 531 495
105   1 1 4 531 532 533 582 619 618 617 581
106   1 1 4 617 618 619 668 705 704 703 667
107   1 1 4 703 704 705 754 791 790 789 753
108   1 1 4 789 790 791 840 877 876 875 839
109   1 1 4 875 876 877 926 963 962 961 925
110   1 1 4 961 962 963 1012 1049 1048 1047 1011
111   1 1 4 1047 1048 1049 1098 1135 1134 1133 1097
112   1 1 4 1133 1134 1135 1184 1221 1220 1219 1183
113   1 1 4 17 18 19 67 105 104 103 66
114   1 1 4 103 104 105 153 191 190 189 152
115   1 1 4 189 190 191 239 277 276 275 238
116   1 1 4 275 276 277 325 363 362 361 324
117   1 1 4 361 362 363 411 449 448 447 410
118   1 1 4 447 448 449 497 535 534 533 496
119   1 1 4 533 534 535 583 621 620 619 582
120   1 1 4 619 620 621 669 707 706 705 668
121   1 1 4 705 706 707 755 793 792 791 754
122   1 1 4 791 792 793 841 879 878 877 840
123   1 1 4 877 878 879 927 965 964 963 926
124   1 1 4 963 964 965 1013 1051 1050 1049 1012
125   1 1 4 1049 1050 1051 1099 1137 1136 1135 1098
126   1 1 4 1135 1136 1137 1185 1223 1222 1221 1184
127   1 1 4 19 20 21 68 107 106 105 67
128   1 1 4 105 106 107 154 193 192 191 153
129   1 1 4 191 192 193 240 279 278 277 239
130   1 1 4 277 278 279 326 365 364 363 325
131   1 1 4 363 364 365 412 451 450 449 411
132   1 1 4 449 450 451 498 537 536 535 497
133   1 1 4 535 536 537 584 623 622 621 583
134   1 1 4 621 622 623 670 709 708 707 669
135   1 1 4 707 708 709 756 795 794 793 755
136   1 1 4 793 794 795 842 881 880 879 841
137   1 1 4 879 880 881 928 967 966 965 927
138   1 1 4 965 966 967 1014 1053 1052 1051 1013
139   1 1 4 1051 1052 1053 1100 1139 1138 1137 1099
140   1 1 4 1137 1138 1139 1186 1225 1224 1223 1185
141   1 1 4 21 22 23 69 109 108 107 68
142   1 1 4 107 108 109 155 195 194 193 154
143   1 1 4 193 194 195 241 281 280 279 240
144   1 1 4 279 280 281 327 367 366 365 326
145   1 1 4 365 366 367 413 453 452 451 412
146   1 1 4 451 452 453 499 539 538 537 498
147   1 1 4 537 538 539 585 625 624 623 584
148   1 1 4 623 624 625 671 711 710 709 670
149   1 1 4 709 710 711 757 797 796 795 756
150   1 1 4 795 796 797 843 883 882 881 842
151   1 1 4 881 882 883 929 969 968 967 928
152   1 1 4 967 968 969 1015 1055 1054 1053 1014
153   1 1 4 1053 1054 1055 1101 1141 1140 1139 1100
154   1 1 4 1139 1140 1141 1187 1227 1226 1225 1186
155   1 1 4 23 24 25 70 111 110 109 69
156   1 1 4 109 110 111 156 197 196 195 155
157   1 1 4 195 196 197 242 283 282 281 241
158   1 1 4 281 282 283 328 369 368 367 327
159   1 1 4 367 368 369 414 455 454 453 413
160   1 1 4 453 454 455 500 541 540 539 499
161   1 1 4 539 540 541 586 627 626 625 585
162   1 1 4 625 626 627 672 713 712 711 671
163   1 1 4 711 712 713 758 799 798 797 757
164   1 1 4 797 798 799 844 885 884 883 843
165   1 1 4 883 884 885 930 971 970 969 929
166   1 1 4 969 970 971 1016 1057 1056 1055 1015
167   1 1 4 1055 1056 1057 1102 1143 1142 1141 1101
168   1 1 4 1141 1142 1143 1188 1229 1228 1227 1187
169   1 1 4 25 26 27 71 113 112 111 70
170   1 1 4 111 112 113 157 199 198 197 156
171   1 1 4 197 198 199 243 285 284 283 242
172   1 1 4 283 284 285 329 371 370 369 328
173   1 1 4 369 370 371 415 457 456 455 414
174   1 1 4 455 456 457 501 543 542 541 500
175   1 1 4 541 542 543 587 629 628 627 586
176   1 1 4 627 628 629 673 715 714 713 672
177   1 1 4 713 714 715 759 801 800 799 758
178   1 1 4 799 800 801 845 887 886 885 844
179   1 1 4 885 886 887 931 973 972 971 930
180   1 1 4 971 972 973 1017 1059 1058 1057 1016
181   1 1 4 1057 1058 1059 1103 1145 1144 1143 1102
182   1 1 4 1143 1144 1145 1189 1231 1230 1229 1188
183   1 1 4 27 28 29 72 115 114 113 71
184   1 1 4 113 114 115 158 201 200 199 157
185   1 1 4 199 200 201 244 287 286 285 243
186   1 1 4 285 286 287 330 373 372 371 329
187   1 1 4 371 372 373 416 459 458 457 415
188   1 1 4 457 458 459 502 545 544 543 501
189   1 1 4 543 544 545 588 631 630 629 587
190   1 1 4 629 630 631 674 717 716 715 673
191   1 1 4 715 716 717 760 803 802 801 759
192   1 1 4 801 802 803 846 889 888 887 845
193   1 1 4 887 888 889 932 975 974 973 931
194   1 1 4 973 974 975 1018 1061 1060 1059 1017
195   1 1 4 1059 1060 1061 1104 1147 1146 1145 1103
196   1 1 4 1145 1146 1147 1190 1233 1232 1231 1189
197   1 1 4 29 30 31 73 117 116 115 72
198   1 1 4 115 116 117 159 203 202 201 158
199   1 1 4 201 202 203 245 289 288 287 244
200   1 1 4 287 288 289 331 375 374 373 330
201   1 1 4 373 374 375 417 461 460 459 416
202   1 1 4 459 460 461 503 547 546 545 502
203   1 1 4 545 546 547 589 633 632 631 588
204   1 1 4 631 632 633 675 719 718 717 674
205   1 1 4 717 718 719 761 805 804 803 760
206   1 1 4 803 804 805 847 891 890 889 846
207   1 1 4 889 890 891 933 977 976 975 932
208   1 1 4 975 976 977 1019 1063 1062 1061 1018
209   1 1 4 1061 1062 1063 1105 1149 1148 1147 1104
210   1 1 4 1147 1148 1149 1191 1235 1234 1233 1190
211   1 1 4 31 32 33 74 119 118 117 73
212   1 1 4 117 118 119 160 205 204 203 159
213   1 1 4 203 204 205 246 291 290 289 245
214   1 1 4 289 290 291 332 377 376 375 331
215   1 1 4 375 376 377 418 463 462 461 417
216   1 1 4 461 462 463 504 549 548 547 503
217   1 1 4 547 548 549 590 635 634 633 589
218   1 1 4 633 634 635 676 721 720 719 675
219   1 1 4 719 720 721 762 807 806 805 761
220   1 1 4 805 806 807 848 893 892 891 847
221   1 1 4 891 892 893 934 979 978 977 933
222   1 1 4 977 978 979 1020 1065 1064 1063 1019
223   1 1 4 1063 1064 1065 1106 1151 1150 1149 1105
224   1 1 4 1149 1150 1151 1192 1237 1236 1235 1191
225   1 1 4 33 34 35 75 121 120 119 74
226   1 1 4 119 120 121 161 207 206 205 160
227   1 1 4 205 206 207 247 293 292 291 246
228   1 1 4 291 292 293 333 379 378 377 332
229   1 1 4 377 378 379 419 465 464 463 418
230   1 1 4 463 464 465 505 551 550 549 504
231   1 1 4 549 550 551 591 637 636 635 590
232   1 1 4 635 636 637 677 723 722 721 676
233   1 1 4 721 722 723 763 809 808 807 762
234   1 1 4 807 808 809 849 895 894 893 848
235   1 1 4 893 894 895 935 981 980 979 934
236   1 1 4 979 980 981 1021 1067 1066 1065 1020
237   1 1 4 1065 1066 1067 1107 1153 1152 1151 1106
238   1 1 4 1151 1152 1153 1193 1239 1238 1237 1192
239   1 1 4 35 36 37 76 123 122 121 75
240   1 1 4 121 122 123 162 209 208 207 161
241   1 1 4 207 208 209 248 295 294 293 247
242   1 1 4 293 294 295 334 381 380 379 333
243   1 1 4 379 380 381 420 467 466 465 419
244   1 1 4 465 466 467 506 553 552 551 505
245   1 1 4 551 552 553 592 639 638 637 591
246   1 1 4 637 638 639 678 725 724 723 677
247   1 1 4 723 724 725 764 811 810 809 763
248   1 1 4 809 810 811 850 897 896 895 849
249   1 1 4 895 896 897 936 983 982 981 935
250   1 1 4 981 982 983 1022 1069 1068 1067 1021
251   1 1 4 1067 1068 1069 1108 1155 1154 1153 1107
252   1 1 4 1153 1154 1155 1194 1241 1240 1239 1193
253   1 1 4 37 38 39 77 125 124 123 76
254   1 1 4 123 124 125 163 211 210 209 162
255   1 1 4 209 210 211 249 297 296 295 248
256   1 1 4 295 296 297 335 383 382 381 334
257   1 1 4 381 382 383 421 469 468 467 420
258   1 1 4 467 468 469 507 555 554 553 506
259   1 1 4 553 554 555 593 641 640 639 592
260   1 1 4 639 640 641 679 727 726 725 678
261   1 1 4 725 726 727 765 813 812 811 764
262   1 1 4 811 812 813 851 899 898 897 850
263   1 1 4 897 898 899 937 985 984 983 936
264   1 1 4 983 984 985 1023 1071 1070 1069 1022
265   1 1 4 1069 1070 1071 1109 1157 1156 1155 1108
266   1 1 4 1155 1156 1157 1195 1243 1242 1241 1194
267   1 1 4 39 40 41 78 127 126 125 77
268   1 1 4 125 126 127 164 213 212 211 163
269   1 1 4 211 212 213 250 299 298 297 249
270   1 1 4 297 298 299 336 385 384 383 335
271   1 1 4 383 384 385 422 471 470 469 421
272   1 1 4 469 470 471 508 557 556 555 507
273   1 1 4 555 556 557 594 643 642 641 593
274   1 1 4 641 642 643 680 729 728 727 679
275   1 1 4 727 728 729 766 815 814 813 765
276   1 1 4 813 814 815 852 901 900 899 851
277   1 1 4 899 900 901 938 987 986 985 937
278   1 1 4 985 986 987 1024 1073 1072 1071 1023
279   1 1 4 1071 1072 1073 1110 1159 1158 1157 1109
280   1 1 4 1157 1158 1159 1196 1245 1244 1243 1195
281   1 1 4 41 42 43 79 129 128 127 78
282   1 1 4 127 128 129 165 215 214 213 164
283   1 1 4 213 214 215 251 301 300 299 250
284   1 1 4 299 300 301 337 387 386 385 336
285   1 1 4 385 386 387 423 473 472 471 422
286   1 1 4 471 472 473 509 559 558 557 508
287   1 1 4 557 558 559 595 645 644 643 594
288   1 1 4 643 644 645 681 731 730 729 680
289   1 1 4 729 730 731 767 817 816 815 766
290   1 1 4 815 816 817 853 903 902 901 852
291   1 1 4 901 902 903 939 989 988 987 938
292   1 1 4 987 988 989 1025 1075 1074 1073 1024
293   1 1 4 1073 1074 1075 1111 1161 1160 1159 1110
294   1 1 4 1159 1160 1161 1197 1247 1246 1245 1196
295   1 1 4 43 44 45 80 131 130 129 79
296   1 1 4 129 130 131 166 217 216 215 165
297   1 1 4 215 216 217 252 303 302 301 251
298   1 1 4 301 302 303 338 389 388 387 337
299   1 1 4 387 388 389 424 475 474 473 423
300   1 1 4 473 474 475 510 561 560 559 509
301   1 1 4 559 560 561 596 647 646 645 595
302   1 1 4 645 646 647 682 733 732 731 681
303   1 1 4 731 732 733 768 819 818 817 767
304   1 1 4 817 818 819 854 905 904 903 853
305   1 1 4 903 904 905 940 991 990 989 939
306   1 1 4 989 990 991 1026 1077 1076 1075 1025
307   1 1 4 1075 1076 1077 1112 1163 1162 1161 1111
308   1 1 4 1161 1162 1163 1198 1249 1248 1247 1197
309   1 1 4 45 46 47 81 133 132 131 80
310   1 1 4 131 132 133 167 219 218 217 166
311   1 1 4 217 218 219 253 305 304 303 252
312   1 1 4 303 304 305 339 391 390 389 338
313   1 1 4 389 390 391 425 477 476 475 424
314   1 1 4 475 476 477 511 563 562 561 510
315   1 1 4 561 562 563 597 649 648 647 596
316   1 1 4 647 648 649 683 735 734 733 682
317   1 1 4 733 734 735 769 821 820 819 768
318   1 1 4 819 820 821 855 907 906 905 854
319   1 1 4 905 906 907 941 993 992 991 940
320   1 1 4 991 992 993 1027 1079 1078 1077 1026
321   1 1 4 1077 1078 1079 1113 1165 1164 1163 1112
322   1 1 4 1163 1164 1165 1199 1251 1250 1249 1198
323   1 1 4 47 48 49 82 135 134 133 81
324   1 1 4 133 134 135 168 221 220 219 167
325   1 1 4 219 220 221 254 307 306 305 253
326   1 1 4 305 306 307 340 393 392 391 339
327   1 1 4 391 392 393 426 479 478 477 425
328   1 1 4 477 478 479 512 565 564 563 511
329   1 1 4 563 564 565 598 651 650 649 597
330   1 1 4 649 650 651 684 737 736 735 683
331   1 1 4 735 736 737 770 823 822 821 769
332   1 1 4 821 822 823 856 909 908 907 855
333   1 1 4 907 908 909 942 995 994 993 941
334   1 1 4 993 994 995 1028 1081 1080 1079 1027
335   1 1 4 1079 1080 1081 1114 1167 1166 1165 1113
336   1 1 4 1165 1166 1167 1200 1253 1252 1251 1199
337   1 1 4 49 50 51 83 137 136 135 82
338   1 1 4 135 136 137 169 223 222 221 168
339   1 1 4 221 222 223 255 309 308 307 254
340   1 1 4 307 308 309 341 395 394 393 340
341   1 1 4 393 394 395 427 481 480 479 426
342   1 1 4 479 480 481 513 567 566 565 512
343   1 1 4 565 566 567 599 653 652 651 598
344   1 1 4 651 652 653 685 739 738 737 684
345   1 1 4 737 738 739 771 825 824 823 770
346   1 1 4 823 824 825 857 911 910 909 856
347   1 1 4 909 910 911 943 997 996 995 942
348   1 1 4 995 996 997 1029 1083 1082 1081 1028
349   1 1 4 1081 1082 1083 1115 1169 1168 1167 1114
350   1 1 4 1167 1168 1169 1201 1255 1254 1253 1200
351   1 1 4 51 52 53 84 139 138 137 83
352   1 1 4 137 138 139 170 225 224 223 169
353   1 1 4 223 224 225 256 311 310 309 255
354   1 1 4 309 310 311 342 397 396 395 341
355   1 1 4 395 396 397 428 483 482 481 427
356   1 1 4 481 482 483 514 569 568 567 513
357   1 1 4 567 568 569 600 655 654 653 599
358   1 1 4 653 654 655 686 741 740 739 685
359   1 1 4 739 740 741 772 827 826 825 771
360   1 1 4 825 826 827 858 913 912 911 857
361   1 1 4 911 912 913 944 999 998 997 943
362   1 1 4 997 998 999 1030 1085 1084 1083 1029
363   1 1 4 1083 1084 1085 1116 1171 1170 1169 1115
364   1 1 4 1169 1170 1171 1202 1257 1256 1255 1201
365   1 1 4 53 54 55 85 141 140 139 84
366   1 1 4 139 140 141 171 227 226 225 170
367   1 1 4 225 226 227 257 313 312 311 256
368   1 1 4 311 312 313 343 399 398 397 342
369   1 1 4 397 398 399 429 485 484 483 428
370   1 1 4 483 484 485 515 571 570 569 514
371   1 1 4 569 570 571 601 657 656 655 600
372   1 1 4 655 656 657 687 743 742 741 686
373   1 1 4 741 742 743 773 829 828 827 772
374   1 1 4 827 828 829 859 915 914 913 858
375   1 1 4 913 914 915 945 1001 1000 999 944
376   1 1 4 999 1000 1001 1031 1087 1086 1085 1030
377   1 1 4 1085 1086 1087 1117 1173 1172 1171 1116
378   1 1 4 1171 1172 1173 1203 1259 1258 1257 1202
379   1 1 4 55 56 57 86 143 142 141 85
380   1 1 4 141 142 143 172 229 228 227 171
381   1 1 4 227 228 229 258 315 314 313 257
382   1 1 4 313 314 315 344 401 400 399 343
383   1 1 4 399 400 401 430 487 486 485 429
384   1 1 4 485 486 487 516 573 572 571 515
385   1 1 4 571 572 573 602 659 658 657 601
386   1 1 4 657 658 659 688 745 744 743 687
387   1 1 4 743 744 745 774 831 830 829 773
388   1 1 4 829 830 831 860 917 916 915 859
389   1 1 4 915 916 917 946 1003 1002 1001 945
390   1 1 4 1001 1002 1003 1032 1089 1088 1087 1031
391   1 1 4 1087 1088 1089 1118 1175 1174 1173 1117
392   1 1 4 1173 1174 1175 1204 1261 1260 1259 1203

%LOAD
1
1	'Load_Case_1'

%LOAD.CASE
1

%LOAD.CASE.LINE.FORCE.UNIFORM
28
379	57	55	0	1.000000	1.000000	0.000000
365	55	53	0	1.000000	1.000000	0.000000
351	53	51	0	1.000000	1.000000	0.000000
337	51	49	0	1.000000	1.000000	0.000000
323	49	47	0	1.000000	1.000000	0.000000
309	47	45	0	1.000000	1.000000	0.000000
295	45	43	0	1.000000	1.000000	0.000000
281	43	41	0	1.000000	1.000000	0.000000
267	41	39	0	1.000000	1.000000	0.000000
253	39	37	0	1.000000	1.000000	0.000000
239	37	35	0	1.000000	1.000000	0.000000
225	35	33	0	1.000000	1.000000	0.000000
211	33	31	0	1.000000	1.000000	0.000000
197	31	29	0	1.000000	1.000000	0.000000
183	29	27	0	1.000000	1.000000	0.000000
169	27	25	0	1.000000	1.000000	0.000000
155	25	23	0	1.000000	1.000000	0.000000
141	23	21	0	1.000000	1.000000	0.000000
127	21	19	0	1.000000	1.000000	0.000000
113	19	17	0	1.000000	1.000000	0.000000
99	17	15	0	1.000000	1.000000	0.000000
85	15	13	0	1.000000	1.000000	0.000000
71	13	11	0	1.000000	1.000000	0.000000
57	11	9	0	1.000000	1.000000	0.000000
43	9	7	0	1.000000	1.000000	0.000000
29	7	5	0	1.000000	1.000000	0.000000
15	5	3	0	1.000000	1.000000	0.000000
1	3	1	0	1.000000	1.000000	0.000000

%END