%HEADER
Output file created by FEMEP (version April/2023).
'File created by FEMEP program'

%HEADER.ANALYSIS
'plane_stress ISOPARAMETRIC'

%NODE
1633

%NODE.COORD
1633
1   0.000000 4.000000 0.000000
2   -0.125000 4.000000 0.000000
3   -0.250000 4.000000 0.000000
4   -0.375000 4.000000 0.000000
5   -0.500000 4.000000 0.000000
6   -0.625000 4.000000 0.000000
7   -0.750000 4.000000 0.000000
8   -0.875000 4.000000 0.000000
9   -1.000000 4.000000 0.000000
10   -1.125000 4.000000 0.000000
11   -1.250000 4.000000 0.000000
12   -1.375000 4.000000 0.000000
13   -1.500000 4.000000 0.000000
14   -1.625000 4.000000 0.000000
15   -1.750000 4.000000 0.000000
16   -1.875000 4.000000 0.000000
17   -2.000000 4.000000 0.000000
18   -2.125000 4.000000 0.000000
19   -2.250000 4.000000 0.000000
20   -2.375000 4.000000 0.000000
21   -2.500000 4.000000 0.000000
22   -2.625000 4.000000 0.000000
23   -2.750000 4.000000 0.000000
24   -2.875000 4.000000 0.000000
25   -3.000000 4.000000 0.000000
26   -3.125000 4.000000 0.000000
27   -3.250000 4.000000 0.000000
28   -3.375000 4.000000 0.000000
29   -3.500000 4.000000 0.000000
30   -3.625000 4.000000 0.000000
31   -3.750000 4.000000 0.000000
32   -3.875000 4.000000 0.000000
33   -4.000000 4.000000 0.000000
34   -4.000000 3.875000 0.000000
35   -4.000000 3.750000 0.000000
36   -4.000000 3.625000 0.000000
37   -4.000000 3.500000 0.000000
38   -4.000000 3.375000 0.000000
39   -4.000000 3.250000 0.000000
40   -4.000000 3.125000 0.000000
41   -4.000000 3.000000 0.000000
42   -4.000000 2.875000 0.000000
43   -4.000000 2.750000 0.000000
44   -4.000000 2.625000 0.000000
45   -4.000000 2.500000 0.000000
46   -4.000000 2.375000 0.000000
47   -4.000000 2.250000 0.000000
48   -4.000000 2.125000 0.000000
49   -4.000000 2.000000 0.000000
50   -4.000000 1.875000 0.000000
51   -4.000000 1.750000 0.000000
52   -4.000000 1.625000 0.000000
53   -4.000000 1.500000 0.000000
54   -4.000000 1.375000 0.000000
55   -4.000000 1.250000 0.000000
56   -4.000000 1.125000 0.000000
57   -4.000000 1.000000 0.000000
58   -4.000000 0.875000 0.000000
59   -4.000000 0.750000 0.000000
60   -4.000000 0.625000 0.000000
61   -4.000000 0.500000 0.000000
62   -4.000000 0.375000 0.000000
63   -4.000000 0.250000 0.000000
64   -4.000000 0.125000 0.000000
65   -4.000000 0.000000 0.000000
66   0.000000 3.906250 0.000000
67   -0.243581 3.906219 0.000000
68   -0.487183 3.906124 0.000000
69   -0.730803 3.905961 0.000000
70   -0.974436 3.905728 0.000000
71   -1.218078 3.905423 0.000000
72   -1.461724 3.905044 0.000000
73   -1.705367 3.904588 0.000000
74   -1.949003 3.904056 0.000000
75   -2.192625 3.903446 0.000000
76   -2.436228 3.902759 0.000000
77   -2.679805 3.901995 0.000000
78   -2.923350 3.901156 0.000000
79   -3.166858 3.900244 0.000000
80   -3.410322 3.899261 0.000000
81   -3.653737 3.898211 0.000000
82   -3.897097 3.897097 0.000000
83   -3.898211 3.653737 0.000000
84   -3.899261 3.410322 0.000000
85   -3.900244 3.166858 0.000000
86   -3.901156 2.923350 0.000000
87   -3.901995 2.679805 0.000000
88   -3.902759 2.436228 0.000000
89   -3.903446 2.192625 0.000000
90   -3.904056 1.949003 0.000000
91   -3.904588 1.705367 0.000000
92   -3.905044 1.461724 0.000000
93   -3.905423 1.218078 0.000000
94   -3.905728 0.974436 0.000000
95   -3.905961 0.730803 0.000000
96   -3.906124 0.487183 0.000000
97   -3.906219 0.243581 0.000000
98   -3.906250 0.000000 0.000000
99   0.000000 3.812500 0.000000
100   -0.118581 3.812469 0.000000
101   -0.237161 3.812438 0.000000
102   -0.355764 3.812343 0.000000
103   -0.474366 3.812247 0.000000
104   -0.592986 3.812085 0.000000
105   -0.711606 3.811922 0.000000
106   -0.830239 3.811689 0.000000
107   -0.948873 3.811457 0.000000
108   -1.067515 3.811152 0.000000
109   -1.186157 3.810846 0.000000
110   -1.304802 3.810467 0.000000
111   -1.423447 3.810087 0.000000
112   -1.542091 3.809632 0.000000
113   -1.660734 3.809177 0.000000
114   -1.779370 3.808644 0.000000
115   -1.898006 3.808112 0.000000
116   -2.016628 3.807502 0.000000
117   -2.135250 3.806892 0.000000
118   -2.253853 3.806205 0.000000
119   -2.372456 3.805518 0.000000
120   -2.491033 3.804754 0.000000
121   -2.609610 3.803990 0.000000
122   -2.728155 3.803151 0.000000
123   -2.846701 3.802312 0.000000
124   -2.965208 3.801400 0.000000
125   -3.083716 3.800488 0.000000
126   -3.202180 3.799505 0.000000
127   -3.320644 3.798522 0.000000
128   -3.439058 3.797472 0.000000
129   -3.557473 3.796422 0.000000
130   -3.675834 3.795308 0.000000
131   -3.794194 3.794194 0.000000
132   -3.795308 3.675834 0.000000
133   -3.796422 3.557473 0.000000
134   -3.797472 3.439058 0.000000
135   -3.798522 3.320644 0.000000
136   -3.799505 3.202180 0.000000
137   -3.800488 3.083716 0.000000
138   -3.801400 2.965208 0.000000
139   -3.802312 2.846701 0.000000
140   -3.803151 2.728155 0.000000
141   -3.803990 2.609610 0.000000
142   -3.804754 2.491033 0.000000
143   -3.805518 2.372456 0.000000
144   -3.806205 2.253853 0.000000
145   -3.806892 2.135250 0.000000
146   -3.807502 2.016628 0.000000
147   -3.808112 1.898006 0.000000
148   -3.808644 1.779370 0.000000
149   -3.809177 1.660734 0.000000
150   -3.809632 1.542091 0.000000
151   -3.810087 1.423447 0.000000
152   -3.810467 1.304802 0.000000
153   -3.810846 1.186157 0.000000
154   -3.811152 1.067515 0.000000
155   -3.811457 0.948873 0.000000
156   -3.811689 0.830239 0.000000
157   -3.811922 0.711606 0.000000
158   -3.812085 0.592986 0.000000
159   -3.812247 0.474366 0.000000
160   -3.812343 0.355764 0.000000
161   -3.812438 0.237161 0.000000
162   -3.812469 0.118581 0.000000
163   -3.812500 0.000000 0.000000
164   0.000000 3.718750 0.000000
165   -0.230742 3.718657 0.000000
166   -0.461549 3.718371 0.000000
167   -0.692409 3.717883 0.000000
168   -0.923309 3.717185 0.000000
169   -1.154235 3.716270 0.000000
170   -1.385171 3.715131 0.000000
171   -1.616101 3.713765 0.000000
172   -1.847009 3.712168 0.000000
173   -2.077876 3.710338 0.000000
174   -2.308684 3.708277 0.000000
175   -2.539415 3.705985 0.000000
176   -2.770051 3.703468 0.000000
177   -3.000574 3.700732 0.000000
178   -3.230965 3.697783 0.000000
179   -3.461210 3.694633 0.000000
180   -3.691291 3.691291 0.000000
181   -3.694633 3.461210 0.000000
182   -3.697783 3.230965 0.000000
183   -3.700732 3.000574 0.000000
184   -3.703468 2.770051 0.000000
185   -3.705985 2.539415 0.000000
186   -3.708277 2.308684 0.000000
187   -3.710338 2.077876 0.000000
188   -3.712168 1.847009 0.000000
189   -3.713765 1.616101 0.000000
190   -3.715131 1.385171 0.000000
191   -3.716270 1.154235 0.000000
192   -3.717185 0.923309 0.000000
193   -3.717883 0.692409 0.000000
194   -3.718371 0.461549 0.000000
195   -3.718657 0.230742 0.000000
196   -3.718750 0.000000 0.000000
197   0.000000 3.625000 0.000000
198   -0.112161 3.624938 0.000000
199   -0.224323 3.624876 0.000000
200   -0.336527 3.624685 0.000000
201   -0.448732 3.624494 0.000000
202   -0.560972 3.624169 0.000000
203   -0.673212 3.623844 0.000000
204   -0.785479 3.623378 0.000000
205   -0.897745 3.622913 0.000000
206   -1.010029 3.622303 0.000000
207   -1.122313 3.621693 0.000000
208   -1.234604 3.620934 0.000000
209   -1.346895 3.620175 0.000000
210   -1.459182 3.619264 0.000000
211   -1.571469 3.618353 0.000000
212   -1.683740 3.617288 0.000000
213   -1.796012 3.616224 0.000000
214   -1.908256 3.615004 0.000000
215   -2.020501 3.613784 0.000000
216   -2.132706 3.612410 0.000000
217   -2.244912 3.611036 0.000000
218   -2.357066 3.609508 0.000000
219   -2.469220 3.607980 0.000000
220   -2.581311 3.606302 0.000000
221   -2.693401 3.604624 0.000000
222   -2.805416 3.602800 0.000000
223   -2.917431 3.600976 0.000000
224   -3.029359 3.599010 0.000000
225   -3.141287 3.597044 0.000000
226   -3.253117 3.594944 0.000000
227   -3.364947 3.592843 0.000000
228   -3.476667 3.590616 0.000000
229   -3.588388 3.588388 0.000000
230   -3.590616 3.476667 0.000000
231   -3.592843 3.364947 0.000000
232   -3.594944 3.253117 0.000000
233   -3.597044 3.141287 0.000000
234   -3.599010 3.029359 0.000000
235   -3.600976 2.917431 0.000000
236   -3.602800 2.805416 0.000000
237   -3.604624 2.693401 0.000000
238   -3.606302 2.581311 0.000000
239   -3.607980 2.469220 0.000000
240   -3.609508 2.357066 0.000000
241   -3.611036 2.244912 0.000000
242   -3.612410 2.132706 0.000000
243   -3.613784 2.020501 0.000000
244   -3.615004 1.908256 0.000000
245   -3.616224 1.796012 0.000000
246   -3.617288 1.683740 0.000000
247   -3.618353 1.571469 0.000000
248   -3.619264 1.459182 0.000000
249   -3.620175 1.346895 0.000000
250   -3.620934 1.234604 0.000000
251   -3.621693 1.122313 0.000000
252   -3.622303 1.010029 0.000000
253   -3.622913 0.897745 0.000000
254   -3.623378 0.785479 0.000000
255   -3.623844 0.673212 0.000000
256   -3.624169 0.560972 0.000000
257   -3.624494 0.448732 0.000000
258   -3.624685 0.336527 0.000000
259   -3.624876 0.224323 0.000000
260   -3.624938 0.112161 0.000000
261   -3.625000 0.000000 0.000000
262   0.000000 3.531250 0.000000
263   -0.217903 3.531095 0.000000
264   -0.435915 3.530618 0.000000
265   -0.654015 3.529805 0.000000
266   -0.872182 3.528641 0.000000
267   -1.090391 3.527116 0.000000
268   -1.308618 3.525219 0.000000
269   -1.526836 3.522941 0.000000
270   -1.745015 3.520279 0.000000
271   -1.963126 3.517230 0.000000
272   -2.181140 3.513794 0.000000
273   -2.399025 3.509976 0.000000
274   -2.616752 3.505781 0.000000
275   -2.834289 3.501219 0.000000
276   -3.051609 3.496305 0.000000
277   -3.268683 3.491054 0.000000
278   -3.485485 3.485485 0.000000
279   -3.491054 3.268683 0.000000
280   -3.496305 3.051609 0.000000
281   -3.501219 2.834289 0.000000
282   -3.505781 2.616752 0.000000
283   -3.509976 2.399025 0.000000
284   -3.513794 2.181140 0.000000
285   -3.517230 1.963126 0.000000
286   -3.520279 1.745015 0.000000
287   -3.522941 1.526836 0.000000
288   -3.525219 1.308618 0.000000
289   -3.527116 1.090391 0.000000
290   -3.528641 0.872182 0.000000
291   -3.529805 0.654015 0.000000
292   -3.530618 0.435915 0.000000
293   -3.531095 0.217903 0.000000
294   -3.531250 0.000000 0.000000
295   0.000000 3.437500 0.000000
296   -0.105742 3.437407 0.000000
297   -0.211484 3.437314 0.000000
298   -0.317291 3.437028 0.000000
299   -0.423098 3.436742 0.000000
300   -0.528958 3.436254 0.000000
301   -0.634818 3.435766 0.000000
302   -0.740718 3.435068 0.000000
303   -0.846618 3.434370 0.000000
304   -0.952544 3.433455 0.000000
305   -1.058470 3.432539 0.000000
306   -1.164406 3.431401 0.000000
307   -1.270342 3.430262 0.000000
308   -1.376273 3.428896 0.000000
309   -1.482203 3.427530 0.000000
310   -1.588110 3.425933 0.000000
311   -1.694018 3.424335 0.000000
312   -1.799885 3.422506 0.000000
313   -1.905751 3.420676 0.000000
314   -2.011560 3.418615 0.000000
315   -2.117368 3.416553 0.000000
316   -2.223099 3.414262 0.000000
317   -2.328830 3.411971 0.000000
318   -2.434466 3.409454 0.000000
319   -2.540102 3.406937 0.000000
320   -2.645624 3.404200 0.000000
321   -2.751147 3.401463 0.000000
322   -2.856539 3.398515 0.000000
323   -2.961931 3.395566 0.000000
324   -3.067175 3.392416 0.000000
325   -3.172420 3.389265 0.000000
326   -3.277501 3.385924 0.000000
327   -3.382583 3.382583 0.000000
328   -3.385924 3.277501 0.000000
329   -3.389265 3.172420 0.000000
330   -3.392416 3.067175 0.000000
331   -3.395566 2.961931 0.000000
332   -3.398515 2.856539 0.000000
333   -3.401463 2.751147 0.000000
334   -3.404200 2.645624 0.000000
335   -3.406937 2.540102 0.000000
336   -3.409454 2.434466 0.000000
337   -3.411971 2.328830 0.000000
338   -3.414262 2.223099 0.000000
339   -3.416553 2.117368 0.000000
340   -3.418615 2.011560 0.000000
341   -3.420676 1.905751 0.000000
342   -3.422506 1.799885 0.000000
343   -3.424335 1.694018 0.000000
344   -3.425933 1.588110 0.000000
345   -3.427530 1.482203 0.000000
346   -3.428896 1.376273 0.000000
347   -3.430262 1.270342 0.000000
348   -3.431401 1.164406 0.000000
349   -3.432539 1.058470 0.000000
350   -3.433455 0.952544 0.000000
351   -3.434370 0.846618 0.000000
352   -3.435068 0.740718 0.000000
353   -3.435766 0.634818 0.000000
354   -3.436254 0.528958 0.000000
355   -3.436742 0.423098 0.000000
356   -3.437028 0.317291 0.000000
357   -3.437314 0.211484 0.000000
358   -3.437407 0.105742 0.000000
359   -3.437500 0.000000 0.000000
360   0.000000 3.343750 0.000000
361   -0.205064 3.343533 0.000000
362   -0.410281 3.342865 0.000000
363   -0.615621 3.341727 0.000000
364   -0.821054 3.340098 0.000000
365   -1.026548 3.337962 0.000000
366   -1.232066 3.335306 0.000000
367   -1.437570 3.332118 0.000000
368   -1.643021 3.328391 0.000000
369   -1.848377 3.324122 0.000000
370   -2.053596 3.319312 0.000000
371   -2.258635 3.313966 0.000000
372   -2.463452 3.308093 0.000000
373   -2.668005 3.301707 0.000000
374   -2.872253 3.294827 0.000000
375   -3.076156 3.287476 0.000000
376   -3.279680 3.279680 0.000000
377   -3.287476 3.076156 0.000000
378   -3.294827 2.872253 0.000000
379   -3.301707 2.668005 0.000000
380   -3.308093 2.463452 0.000000
381   -3.313966 2.258635 0.000000
382   -3.319312 2.053596 0.000000
383   -3.324122 1.848377 0.000000
384   -3.328391 1.643021 0.000000
385   -3.332118 1.437570 0.000000
386   -3.335306 1.232066 0.000000
387   -3.337962 1.026548 0.000000
388   -3.340098 0.821054 0.000000
389   -3.341727 0.615621 0.000000
390   -3.342865 0.410281 0.000000
391   -3.343533 0.205064 0.000000
392   -3.343750 0.000000 0.000000
393   0.000000 3.250000 0.000000
394   -0.099323 3.249876 0.000000
395   -0.198645 3.249751 0.000000
396   -0.298054 3.249370 0.000000
397   -0.397464 3.248989 0.000000
398   -0.496944 3.248338 0.000000
399   -0.596424 3.247688 0.000000
400   -0.695957 3.246757 0.000000
401   -0.795491 3.245826 0.000000
402   -0.895059 3.244606 0.000000
403   -0.994626 3.243386 0.000000
404   -1.094208 3.241868 0.000000
405   -1.193790 3.240350 0.000000
406   -1.293363 3.238528 0.000000
407   -1.392937 3.236706 0.000000
408   -1.492480 3.234577 0.000000
409   -1.592024 3.232447 0.000000
410   -1.691513 3.230008 0.000000
411   -1.791002 3.227568 0.000000
412   -1.890413 3.224820 0.000000
413   -1.989824 3.222071 0.000000
414   -2.089132 3.219016 0.000000
415   -2.188440 3.215961 0.000000
416   -2.287621 3.212605 0.000000
417   -2.386802 3.209249 0.000000
418   -2.485833 3.205600 0.000000
419   -2.584863 3.201951 0.000000
420   -2.683719 3.198020 0.000000
421   -2.782575 3.194088 0.000000
422   -2.881234 3.189887 0.000000
423   -2.979893 3.185687 0.000000
424   -3.078335 3.181232 0.000000
425   -3.176777 3.176777 0.000000
426   -3.181232 3.078335 0.000000
427   -3.185687 2.979893 0.000000
428   -3.189887 2.881234 0.000000
429   -3.194088 2.782575 0.000000
430   -3.198020 2.683719 0.000000
431   -3.201951 2.584863 0.000000
432   -3.205600 2.485833 0.000000
433   -3.209249 2.386802 0.000000
434   -3.212605 2.287621 0.000000
435   -3.215961 2.188440 0.000000
436   -3.219016 2.089132 0.000000
437   -3.222071 1.989824 0.000000
438   -3.224820 1.890413 0.000000
439   -3.227568 1.791002 0.000000
440   -3.230008 1.691513 0.000000
441   -3.232447 1.592024 0.000000
442   -3.234577 1.492480 0.000000
443   -3.236706 1.392937 0.000000
444   -3.238528 1.293363 0.000000
445   -3.240350 1.193790 0.000000
446   -3.241868 1.094208 0.000000
447   -3.243386 0.994626 0.000000
448   -3.244606 0.895059 0.000000
449   -3.245826 0.795491 0.000000
450   -3.246757 0.695957 0.000000
451   -3.247688 0.596424 0.000000
452   -3.248338 0.496944 0.000000
453   -3.248989 0.397464 0.000000
454   -3.249370 0.298054 0.000000
455   -3.249751 0.198645 0.000000
456   -3.249876 0.099323 0.000000
457   -3.250000 0.000000 0.000000
458   0.000000 3.156250 0.000000
459   -0.192226 3.155970 0.000000
460   -0.384647 3.155112 0.000000
461   -0.577227 3.153649 0.000000
462   -0.769927 3.151555 0.000000
463   -0.962705 3.148809 0.000000
464   -1.155513 3.145393 0.000000
465   -1.348304 3.141295 0.000000
466   -1.541027 3.136503 0.000000
467   -1.733627 3.131014 0.000000
468   -1.926052 3.124830 0.000000
469   -2.118245 3.117956 0.000000
470   -2.310153 3.110405 0.000000
471   -2.501721 3.102195 0.000000
472   -2.692896 3.093349 0.000000
473   -2.883630 3.083898 0.000000
474   -3.073874 3.073874 0.000000
475   -3.083898 2.883630 0.000000
476   -3.093349 2.692896 0.000000
477   -3.102195 2.501721 0.000000
478   -3.110405 2.310153 0.000000
479   -3.117956 2.118245 0.000000
480   -3.124830 1.926052 0.000000
481   -3.131014 1.733627 0.000000
482   -3.136503 1.541027 0.000000
483   -3.141295 1.348304 0.000000
484   -3.145393 1.155513 0.000000
485   -3.148809 0.962705 0.000000
486   -3.151555 0.769927 0.000000
487   -3.153649 0.577227 0.000000
488   -3.155112 0.384647 0.000000
489   -3.155970 0.192226 0.000000
490   -3.156250 0.000000 0.000000
491   0.000000 3.062500 0.000000
492   -0.092903 3.062345 0.000000
493   -0.185806 3.062189 0.000000
494   -0.278818 3.061713 0.000000
495   -0.371830 3.061236 0.000000
496   -0.464930 3.060423 0.000000
497   -0.558030 3.059610 0.000000
498   -0.651197 3.058446 0.000000
499   -0.744363 3.057283 0.000000
500   -0.837573 3.055758 0.000000
501   -0.930783 3.054232 0.000000
502   -1.024010 3.052335 0.000000
503   -1.117237 3.050437 0.000000
504   -1.210454 3.048160 0.000000
505   -1.303671 3.045883 0.000000
506   -1.396851 3.043221 0.000000
507   -1.490030 3.040559 0.000000
508   -1.583141 3.037510 0.000000
509   -1.676252 3.034460 0.000000
510   -1.769266 3.031025 0.000000
511   -1.862280 3.027589 0.000000
512   -1.955165 3.023770 0.000000
513   -2.048050 3.019951 0.000000
514   -2.140777 3.015756 0.000000
515   -2.233503 3.011561 0.000000
516   -2.326041 3.007000 0.000000
517   -2.418578 3.002439 0.000000
518   -2.510898 2.997525 0.000000
519   -2.603218 2.992610 0.000000
520   -2.695292 2.987359 0.000000
521   -2.787366 2.982108 0.000000
522   -2.879169 2.976540 0.000000
523   -2.970971 2.970971 0.000000
524   -2.976540 2.879169 0.000000
525   -2.982108 2.787366 0.000000
526   -2.987359 2.695292 0.000000
527   -2.992610 2.603218 0.000000
528   -2.997525 2.510898 0.000000
529   -3.002439 2.418578 0.000000
530   -3.007000 2.326041 0.000000
531   -3.011561 2.233503 0.000000
532   -3.015756 2.140777 0.000000
533   -3.019951 2.048050 0.000000
534   -3.023770 1.955165 0.000000
535   -3.027589 1.862280 0.000000
536   -3.031025 1.769266 0.000000
537   -3.034460 1.676252 0.000000
538   -3.037510 1.583141 0.000000
539   -3.040559 1.490030 0.000000
540   -3.043221 1.396851 0.000000
541   -3.045883 1.303671 0.000000
542   -3.048160 1.210454 0.000000
543   -3.050437 1.117237 0.000000
544   -3.052335 1.024010 0.000000
545   -3.054232 0.930783 0.000000
546   -3.055758 0.837573 0.000000
547   -3.057283 0.744363 0.000000
548   -3.058446 0.651197 0.000000
549   -3.059610 0.558030 0.000000
550   -3.060423 0.464930 0.000000
551   -3.061236 0.371830 0.000000
552   -3.061713 0.278818 0.000000
553   -3.062189 0.185806 0.000000
554   -3.062345 0.092903 0.000000
555   -3.062500 0.000000 0.000000
556   0.000000 2.968750 0.000000
557   -0.179387 2.968408 0.000000
558   -0.359012 2.967359 0.000000
559   -0.538833 2.965571 0.000000
560   -0.718800 2.963011 0.000000
561   -0.898861 2.959655 0.000000
562   -1.078961 2.955481 0.000000
563   -1.259039 2.950471 0.000000
564   -1.439033 2.944615 0.000000
565   -1.618878 2.937906 0.000000
566   -1.798508 2.930348 0.000000
567   -1.977855 2.921946 0.000000
568   -2.156853 2.912717 0.000000
569   -2.335436 2.902683 0.000000
570   -2.513540 2.891871 0.000000
571   -2.691103 2.880319 0.000000
572   -2.868068 2.868068 0.000000
573   -2.880319 2.691103 0.000000
574   -2.891871 2.513540 0.000000
575   -2.902683 2.335436 0.000000
576   -2.912717 2.156853 0.000000
577   -2.921946 1.977855 0.000000
578   -2.930348 1.798508 0.000000
579   -2.937906 1.618878 0.000000
580   -2.944615 1.439033 0.000000
581   -2.950471 1.259039 0.000000
582   -2.955481 1.078961 0.000000
583   -2.959655 0.898861 0.000000
584   -2.963011 0.718800 0.000000
585   -2.965571 0.538833 0.000000
586   -2.967359 0.359012 0.000000
587   -2.968408 0.179387 0.000000
588   -2.968750 0.000000 0.000000
589   0.000000 2.875000 0.000000
590   -0.086484 2.874814 0.000000
591   -0.172968 2.874627 0.000000
592   -0.259582 2.874055 0.000000
593   -0.346195 2.873483 0.000000
594   -0.432916 2.872507 0.000000
595   -0.519636 2.871531 0.000000
596   -0.606436 2.870135 0.000000
597   -0.693236 2.868740 0.000000
598   -0.780088 2.866909 0.000000
599   -0.866939 2.865079 0.000000
600   -0.953812 2.862802 0.000000
601   -1.040684 2.860525 0.000000
602   -1.127545 2.857792 0.000000
603   -1.214406 2.855059 0.000000
604   -1.301221 2.851865 0.000000
605   -1.388036 2.848671 0.000000
606   -1.474769 2.845012 0.000000
607   -1.561503 2.841353 0.000000
608   -1.648119 2.837230 0.000000
609   -1.734735 2.833107 0.000000
610   -1.821198 2.828524 0.000000
611   -1.907660 2.823941 0.000000
612   -1.993932 2.818907 0.000000
613   -2.080204 2.813873 0.000000
614   -2.166249 2.808400 0.000000
615   -2.252294 2.802927 0.000000
616   -2.338078 2.797029 0.000000
617   -2.423862 2.791132 0.000000
618   -2.509351 2.784831 0.000000
619   -2.594840 2.778530 0.000000
620   -2.680002 2.771848 0.000000
621   -2.765165 2.765165 0.000000
622   -2.771848 2.680002 0.000000
623   -2.778530 2.594840 0.000000
624   -2.784831 2.509351 0.000000
625   -2.791132 2.423862 0.000000
626   -2.797029 2.338078 0.000000
627   -2.802927 2.252294 0.000000
628   -2.808400 2.166249 0.000000
629   -2.813873 2.080204 0.000000
630   -2.818907 1.993932 0.000000
631   -2.823941 1.907660 0.000000
632   -2.828524 1.821198 0.000000
633   -2.833107 1.734735 0.000000
634   -2.837230 1.648119 0.000000
635   -2.841353 1.561503 0.000000
636   -2.845012 1.474769 0.000000
637   -2.848671 1.388036 0.000000
638   -2.851865 1.301221 0.000000
639   -2.855059 1.214406 0.000000
640   -2.857792 1.127545 0.000000
641   -2.860525 1.040684 0.000000
642   -2.862802 0.953812 0.000000
643   -2.865079 0.866939 0.000000
644   -2.866909 0.780088 0.000000
645   -2.868740 0.693236 0.000000
646   -2.870135 0.606436 0.000000
647   -2.871531 0.519636 0.000000
648   -2.872507 0.432916 0.000000
649   -2.873483 0.346195 0.000000
650   -2.874055 0.259582 0.000000
651   -2.874627 0.172968 0.000000
652   -2.874814 0.086484 0.000000
653   -2.875000 0.000000 0.000000
654   0.000000 2.781250 0.000000
655   -0.166548 2.780846 0.000000
656   -0.333378 2.779607 0.000000
657   -0.500439 2.777492 0.000000
658   -0.667672 2.774468 0.000000
659   -0.835018 2.770502 0.000000
660   -1.002408 2.765568 0.000000
661   -1.169773 2.759648 0.000000
662   -1.337038 2.752726 0.000000
663   -1.504128 2.744799 0.000000
664   -1.670963 2.735865 0.000000
665   -1.837465 2.725936 0.000000
666   -2.003554 2.715029 0.000000
667   -2.169152 2.703170 0.000000
668   -2.334184 2.690393 0.000000
669   -2.498576 2.676741 0.000000
670   -2.662262 2.662262 0.000000
671   -2.676741 2.498576 0.000000
672   -2.690393 2.334184 0.000000
673   -2.703170 2.169152 0.000000
674   -2.715029 2.003554 0.000000
675   -2.725936 1.837465 0.000000
676   -2.735865 1.670963 0.000000
677   -2.744799 1.504128 0.000000
678   -2.752726 1.337038 0.000000
679   -2.759648 1.169773 0.000000
680   -2.765568 1.002408 0.000000
681   -2.770502 0.835018 0.000000
682   -2.774468 0.667672 0.000000
683   -2.777492 0.500439 0.000000
684   -2.779607 0.333378 0.000000
685   -2.780846 0.166548 0.000000
686   -2.781250 0.000000 0.000000
687   0.000000 2.687500 0.000000
688   -0.080064 2.687283 0.000000
689   -0.160129 2.687065 0.000000
690   -0.240345 2.686398 0.000000
691   -0.320561 2.685730 0.000000
692   -0.400902 2.684592 0.000000
693   -0.481242 2.683453 0.000000
694   -0.561675 2.681825 0.000000
695   -0.642109 2.680196 0.000000
696   -0.722602 2.678061 0.000000
697   -0.803096 2.675925 0.000000
698   -0.883614 2.673268 0.000000
699   -0.964132 2.670612 0.000000
700   -1.044636 2.667424 0.000000
701   -1.125140 2.664236 0.000000
702   -1.205591 2.660509 0.000000
703   -1.286041 2.656782 0.000000
704   -1.366397 2.652513 0.000000
705   -1.446753 2.648245 0.000000
706   -1.526972 2.643434 0.000000
707   -1.607191 2.638624 0.000000
708   -1.687231 2.633278 0.000000
709   -1.767270 2.627932 0.000000
710   -1.847087 2.622059 0.000000
711   -1.926904 2.616186 0.000000
712   -2.006457 2.609800 0.000000
713   -2.086010 2.603414 0.000000
714   -2.165258 2.596534 0.000000
715   -2.244505 2.589655 0.000000
716   -2.323409 2.582303 0.000000
717   -2.402313 2.574952 0.000000
718   -2.480836 2.567155 0.000000
719   -2.559359 2.559359 0.000000
720   -2.567155 2.480836 0.000000
721   -2.574952 2.402313 0.000000
722   -2.582303 2.323409 0.000000
723   -2.589655 2.244505 0.000000
724   -2.596534 2.165258 0.000000
725   -2.603414 2.086010 0.000000
726   -2.609800 2.006457 0.000000
727   -2.616186 1.926904 0.000000
728   -2.622059 1.847087 0.000000
729   -2.627932 1.767270 0.000000
730   -2.633278 1.687231 0.000000
731   -2.638624 1.607191 0.000000
732   -2.643434 1.526972 0.000000
733   -2.648245 1.446753 0.000000
734   -2.652513 1.366397 0.000000
735   -2.656782 1.286041 0.000000
736   -2.660509 1.205591 0.000000
737   -2.664236 1.125140 0.000000
738   -2.667424 1.044636 0.000000
739   -2.670612 0.964132 0.000000
740   -2.673268 0.883614 0.000000
741   -2.675925 0.803096 0.000000
742   -2.678061 0.722602 0.000000
743   -2.680196 0.642109 0.000000
744   -2.681825 0.561675 0.000000
745   -2.683453 0.481242 0.000000
746   -2.684592 0.400902 0.000000
747   -2.685730 0.320561 0.000000
748   -2.686398 0.240345 0.000000
749   -2.687065 0.160129 0.000000
750   -2.687283 0.080064 0.000000
751   -2.687500 0.000000 0.000000
752   0.000000 2.593750 0.000000
753   -0.153709 2.593284 0.000000
754   -0.307744 2.591854 0.000000
755   -0.462045 2.589414 0.000000
756   -0.616545 2.585924 0.000000
757   -0.771174 2.581348 0.000000
758   -0.925855 2.575656 0.000000
759   -1.080507 2.568824 0.000000
760   -1.235044 2.560838 0.000000
761   -1.389379 2.551691 0.000000
762   -1.543419 2.541383 0.000000
763   -1.697075 2.529927 0.000000
764   -1.850255 2.517342 0.000000
765   -2.002868 2.503658 0.000000
766   -2.154827 2.488916 0.000000
767   -2.306050 2.473163 0.000000
768   -2.456456 2.456456 0.000000
769   -2.473163 2.306050 0.000000
770   -2.488916 2.154827 0.000000
771   -2.503658 2.002868 0.000000
772   -2.517342 1.850255 0.000000
773   -2.529927 1.697075 0.000000
774   -2.541383 1.543419 0.000000
775   -2.551691 1.389379 0.000000
776   -2.560838 1.235044 0.000000
777   -2.568824 1.080507 0.000000
778   -2.575656 0.925855 0.000000
779   -2.581348 0.771174 0.000000
780   -2.585924 0.616545 0.000000
781   -2.589414 0.462045 0.000000
782   -2.591854 0.307744 0.000000
783   -2.593284 0.153709 0.000000
784   -2.593750 0.000000 0.000000
785   0.000000 2.500000 0.000000
786   -0.073645 2.499751 0.000000
787   -0.147290 2.499503 0.000000
788   -0.221109 2.498740 0.000000
789   -0.294927 2.497977 0.000000
790   -0.368887 2.496676 0.000000
791   -0.442848 2.495375 0.000000
792   -0.516915 2.493514 0.000000
793   -0.590982 2.491653 0.000000
794   -0.665117 2.489212 0.000000
795   -0.739253 2.486771 0.000000
796   -0.813416 2.483735 0.000000
797   -0.887579 2.480699 0.000000
798   -0.961727 2.477056 0.000000
799   -1.035874 2.473413 0.000000
800   -1.109961 2.469153 0.000000
801   -1.184047 2.464894 0.000000
802   -1.258026 2.460015 0.000000
803   -1.332004 2.455137 0.000000
804   -1.405826 2.449639 0.000000
805   -1.479647 2.444142 0.000000
806   -1.553264 2.438032 0.000000
807   -1.626880 2.431922 0.000000
808   -1.700242 2.425210 0.000000
809   -1.773605 2.418498 0.000000
810   -1.846665 2.411200 0.000000
811   -1.919726 2.403902 0.000000
812   -1.992437 2.396039 0.000000
813   -2.065149 2.388177 0.000000
814   -2.137468 2.379775 0.000000
815   -2.209786 2.371373 0.000000
816   -2.281670 2.362463 0.000000
817   -2.353553 2.353553 0.000000
818   -2.362463 2.281670 0.000000
819   -2.371373 2.209786 0.000000
820   -2.379775 2.137468 0.000000
821   -2.388177 2.065149 0.000000
822   -2.396039 1.992437 0.000000
823   -2.403902 1.919726 0.000000
824   -2.411200 1.846665 0.000000
825   -2.418498 1.773605 0.000000
826   -2.425210 1.700242 0.000000
827   -2.431922 1.626880 0.000000
828   -2.438032 1.553264 0.000000
829   -2.444142 1.479647 0.000000
830   -2.449639 1.405826 0.000000
831   -2.455137 1.332004 0.000000
832   -2.460015 1.258026 0.000000
833   -2.464894 1.184047 0.000000
834   -2.469153 1.109961 0.000000
835   -2.473413 1.035874 0.000000
836   -2.477056 0.961727 0.000000
837   -2.480699 0.887579 0.000000
838   -2.483735 0.813416 0.000000
839   -2.486771 0.739253 0.000000
840   -2.489212 0.665117 0.000000
841   -2.491653 0.590982 0.000000
842   -2.493514 0.516915 0.000000
843   -2.495375 0.442848 0.000000
844   -2.496676 0.368887 0.000000
845   -2.497977 0.294927 0.000000
846   -2.498740 0.221109 0.000000
847   -2.499503 0.147290 0.000000
848   -2.499751 0.073645 0.000000
849   -2.500000 0.000000 0.000000
850   0.000000 2.406250 0.000000
851   -0.140871 2.405722 0.000000
852   -0.282110 2.404101 0.000000
853   -0.423651 2.401336 0.000000
854   -0.565418 2.397381 0.000000
855   -0.707331 2.392195 0.000000
856   -0.849303 2.385743 0.000000
857   -0.991242 2.378001 0.000000
858   -1.133050 2.368950 0.000000
859   -1.274629 2.358583 0.000000
860   -1.415875 2.346901 0.000000
861   -1.556685 2.333917 0.000000
862   -1.696955 2.319654 0.000000
863   -1.836583 2.304146 0.000000
864   -1.975471 2.287438 0.000000
865   -2.113523 2.269584 0.000000
866   -2.250650 2.250650 0.000000
867   -2.269584 2.113523 0.000000
868   -2.287438 1.975471 0.000000
869   -2.304146 1.836583 0.000000
870   -2.319654 1.696955 0.000000
871   -2.333917 1.556685 0.000000
872   -2.346901 1.415875 0.000000
873   -2.358583 1.274629 0.000000
874   -2.368950 1.133050 0.000000
875   -2.378001 0.991242 0.000000
876   -2.385743 0.849303 0.000000
877   -2.392195 0.707331 0.000000
878   -2.397381 0.565418 0.000000
879   -2.401336 0.423651 0.000000
880   -2.404101 0.282110 0.000000
881   -2.405722 0.140871 0.000000
882   -2.406250 0.000000 0.000000
883   0.000000 2.312500 0.000000
884   -0.067226 2.312220 0.000000
885   -0.134451 2.311941 0.000000
886   -0.201872 2.311083 0.000000
887   -0.269293 2.310225 0.000000
888   -0.336873 2.308761 0.000000
889   -0.404454 2.307297 0.000000
890   -0.472154 2.305203 0.000000
891   -0.539854 2.303109 0.000000
892   -0.607632 2.300364 0.000000
893   -0.675409 2.297618 0.000000
894   -0.743218 2.294202 0.000000
895   -0.811026 2.290787 0.000000
896   -0.878818 2.286688 0.000000
897   -0.946609 2.282589 0.000000
898   -1.014331 2.277798 0.000000
899   -1.082053 2.273006 0.000000
900   -1.149654 2.267517 0.000000
901   -1.217254 2.262029 0.000000
902   -1.284679 2.255844 0.000000
903   -1.352103 2.249660 0.000000
904   -1.419297 2.242786 0.000000
905   -1.486490 2.235912 0.000000
906   -1.553398 2.228361 0.000000
907   -1.620305 2.220810 0.000000
908   -1.686873 2.212600 0.000000
909   -1.753441 2.204390 0.000000
910   -1.819617 2.195544 0.000000
911   -1.885793 2.186699 0.000000
912   -1.951526 2.177247 0.000000
913   -2.017260 2.167795 0.000000
914   -2.082504 2.157771 0.000000
915   -2.147748 2.147748 0.000000
916   -2.157771 2.082504 0.000000
917   -2.167795 2.017260 0.000000
918   -2.177247 1.951526 0.000000
919   -2.186699 1.885793 0.000000
920   -2.195544 1.819617 0.000000
921   -2.204390 1.753441 0.000000
922   -2.212600 1.686873 0.000000
923   -2.220810 1.620305 0.000000
924   -2.228361 1.553398 0.000000
925   -2.235912 1.486490 0.000000
926   -2.242786 1.419297 0.000000
927   -2.249660 1.352103 0.000000
928   -2.255844 1.284679 0.000000
929   -2.262029 1.217254 0.000000
930   -2.267517 1.149654 0.000000
931   -2.273006 1.082053 0.000000
932   -2.277798 1.014331 0.000000
933   -2.282589 0.946609 0.000000
934   -2.286688 0.878818 0.000000
935   -2.290787 0.811026 0.000000
936   -2.294202 0.743218 0.000000
937   -2.297618 0.675409 0.000000
938   -2.300364 0.607632 0.000000
939   -2.303109 0.539854 0.000000
940   -2.305203 0.472154 0.000000
941   -2.307297 0.404454 0.000000
942   -2.308761 0.336873 0.000000
943   -2.310225 0.269293 0.000000
944   -2.311083 0.201872 0.000000
945   -2.311941 0.134451 0.000000
946   -2.312220 0.067226 0.000000
947   -2.312500 0.000000 0.000000
948   0.000000 2.218750 0.000000
949   -0.128032 2.218160 0.000000
950   -0.256476 2.216348 0.000000
951   -0.385257 2.213258 0.000000
952   -0.514291 2.208838 0.000000
953   -0.643487 2.203041 0.000000
954   -0.772750 2.195831 0.000000
955   -0.901976 2.187177 0.000000
956   -1.031056 2.177062 0.000000
957   -1.159880 2.165475 0.000000
958   -1.288331 2.152419 0.000000
959   -1.416295 2.137907 0.000000
960   -1.543656 2.121966 0.000000
961   -1.670299 2.104634 0.000000
962   -1.796115 2.085960 0.000000
963   -1.920996 2.066006 0.000000
964   -2.044845 2.044845 0.000000
965   -2.066006 1.920996 0.000000
966   -2.085960 1.796115 0.000000
967   -2.104634 1.670299 0.000000
968   -2.121966 1.543656 0.000000
969   -2.137907 1.416295 0.000000
970   -2.152419 1.288331 0.000000
971   -2.165475 1.159880 0.000000
972   -2.177062 1.031056 0.000000
973   -2.187177 0.901976 0.000000
974   -2.195831 0.772750 0.000000
975   -2.203041 0.643487 0.000000
976   -2.208838 0.514291 0.000000
977   -2.213258 0.385257 0.000000
978   -2.216348 0.256476 0.000000
979   -2.218160 0.128032 0.000000
980   -2.218750 0.000000 0.000000
981   0.000000 2.125000 0.000000
982   -0.060806 2.124689 0.000000
983   -0.121613 2.124379 0.000000
984   -0.182636 2.123425 0.000000
985   -0.243659 2.122472 0.000000
986   -0.304859 2.120845 0.000000
987   -0.366060 2.119219 0.000000
988   -0.427393 2.116892 0.000000
989   -0.488727 2.114566 0.000000
990   -0.550146 2.111515 0.000000
991   -0.611566 2.108464 0.000000
992   -0.673020 2.104669 0.000000
993   -0.734474 2.100874 0.000000
994   -0.795908 2.096320 0.000000
995   -0.857343 2.091766 0.000000
996   -0.918701 2.086442 0.000000
997   -0.980059 2.081118 0.000000
998   -1.041282 2.075019 0.000000
999   -1.102505 2.068921 0.000000
1000   -1.163532 2.062049 0.000000
1001   -1.224559 2.055178 0.000000
1002   -1.285330 2.047540 0.000000
1003   -1.346100 2.039902 0.000000
1004   -1.406553 2.031512 0.000000
1005   -1.467006 2.023122 0.000000
1006   -1.527082 2.014000 0.000000
1007   -1.587157 2.004878 0.000000
1008   -1.646797 1.995049 0.000000
1009   -1.706436 1.985221 0.000000
1010   -1.765585 1.974719 0.000000
1011   -1.824733 1.964217 0.000000
1012   -1.883337 1.953079 0.000000
1013   -1.941942 1.941942 0.000000
1014   -1.953079 1.883337 0.000000
1015   -1.964217 1.824733 0.000000
1016   -1.974719 1.765585 0.000000
1017   -1.985221 1.706436 0.000000
1018   -1.995049 1.646797 0.000000
1019   -2.004878 1.587157 0.000000
1020   -2.014000 1.527082 0.000000
1021   -2.023122 1.467006 0.000000
1022   -2.031512 1.406553 0.000000
1023   -2.039902 1.346100 0.000000
1024   -2.047540 1.285330 0.000000
1025   -2.055178 1.224559 0.000000
1026   -2.062049 1.163532 0.000000
1027   -2.068921 1.102505 0.000000
1028   -2.075019 1.041282 0.000000
1029   -2.081118 0.980059 0.000000
1030   -2.086442 0.918701 0.000000
1031   -2.091766 0.857343 0.000000
1032   -2.096320 0.795908 0.000000
1033   -2.100874 0.734474 0.000000
1034   -2.104669 0.673020 0.000000
1035   -2.108464 0.611566 0.000000
1036   -2.111515 0.550146 0.000000
1037   -2.114566 0.488727 0.000000
1038   -2.116892 0.427393 0.000000
1039   -2.119219 0.366060 0.000000
1040   -2.120845 0.304859 0.000000
1041   -2.122472 0.243659 0.000000
1042   -2.123425 0.182636 0.000000
1043   -2.124379 0.121613 0.000000
1044   -2.124689 0.060806 0.000000
1045   -2.125000 0.000000 0.000000
1046   0.000000 2.031250 0.000000
1047   -0.115193 2.030598 0.000000
1048   -0.230842 2.028595 0.000000
1049   -0.346863 2.025180 0.000000
1050   -0.463163 2.020294 0.000000
1051   -0.579644 2.013887 0.000000
1052   -0.696198 2.005918 0.000000
1053   -0.812710 1.996354 0.000000
1054   -0.929062 1.985174 0.000000
1055   -1.045130 1.972367 0.000000
1056   -1.160787 1.957936 0.000000
1057   -1.275905 1.941897 0.000000
1058   -1.390356 1.924278 0.000000
1059   -1.504015 1.905121 0.000000
1060   -1.616758 1.884482 0.000000
1061   -1.728469 1.862428 0.000000
1062   -1.839039 1.839039 0.000000
1063   -1.862428 1.728469 0.000000
1064   -1.884482 1.616758 0.000000
1065   -1.905121 1.504015 0.000000
1066   -1.924278 1.390356 0.000000
1067   -1.941897 1.275905 0.000000
1068   -1.957936 1.160787 0.000000
1069   -1.972367 1.045130 0.000000
1070   -1.985174 0.929062 0.000000
1071   -1.996354 0.812710 0.000000
1072   -2.005918 0.696198 0.000000
1073   -2.013887 0.579644 0.000000
1074   -2.020294 0.463163 0.000000
1075   -2.025180 0.346863 0.000000
1076   -2.028595 0.230842 0.000000
1077   -2.030598 0.115193 0.000000
1078   -2.031250 0.000000 0.000000
1079   0.000000 1.937500 0.000000
1080   -0.054387 1.937158 0.000000
1081   -0.108774 1.936816 0.000000
1082   -0.163399 1.935768 0.000000
1083   -0.218025 1.934719 0.000000
1084   -0.272845 1.932930 0.000000
1085   -0.327666 1.931141 0.000000
1086   -0.382633 1.928582 0.000000
1087   -0.437600 1.926022 0.000000
1088   -0.492661 1.922667 0.000000
1089   -0.547722 1.919311 0.000000
1090   -0.602822 1.915136 0.000000
1091   -0.657921 1.910962 0.000000
1092   -0.712999 1.905952 0.000000
1093   -0.768077 1.900942 0.000000
1094   -0.823071 1.895086 0.000000
1095   -0.878065 1.889229 0.000000
1096   -0.932910 1.882521 0.000000
1097   -0.987755 1.875813 0.000000
1098   -1.042385 1.868254 0.000000
1099   -1.097015 1.860695 0.000000
1100   -1.151363 1.852294 0.000000
1101   -1.205710 1.843892 0.000000
1102   -1.259708 1.834663 0.000000
1103   -1.313707 1.825434 0.000000
1104   -1.367290 1.815400 0.000000
1105   -1.420873 1.805365 0.000000
1106   -1.473976 1.794554 0.000000
1107   -1.527080 1.783743 0.000000
1108   -1.579643 1.772191 0.000000
1109   -1.632206 1.760638 0.000000
1110   -1.684171 1.748387 0.000000
1111   -1.736136 1.736136 0.000000
1112   -1.748387 1.684171 0.000000
1113   -1.760638 1.632206 0.000000
1114   -1.772191 1.579643 0.000000
1115   -1.783743 1.527080 0.000000
1116   -1.794554 1.473976 0.000000
1117   -1.805365 1.420873 0.000000
1118   -1.815400 1.367290 0.000000
1119   -1.825434 1.313707 0.000000
1120   -1.834663 1.259708 0.000000
1121   -1.843892 1.205710 0.000000
1122   -1.852294 1.151363 0.000000
1123   -1.860695 1.097015 0.000000
1124   -1.868254 1.042385 0.000000
1125   -1.875813 0.987755 0.000000
1126   -1.882521 0.932910 0.000000
1127   -1.889229 0.878065 0.000000
1128   -1.895086 0.823071 0.000000
1129   -1.900942 0.768077 0.000000
1130   -1.905952 0.712999 0.000000
1131   -1.910962 0.657921 0.000000
1132   -1.915136 0.602822 0.000000
1133   -1.919311 0.547722 0.000000
1134   -1.922667 0.492661 0.000000
1135   -1.926022 0.437600 0.000000
1136   -1.928582 0.382633 0.000000
1137   -1.931141 0.327666 0.000000
1138   -1.932930 0.272845 0.000000
1139   -1.934719 0.218025 0.000000
1140   -1.935768 0.163399 0.000000
1141   -1.936816 0.108774 0.000000
1142   -1.937158 0.054387 0.000000
1143   -1.937500 0.000000 0.000000
1144   0.000000 1.843750 0.000000
1145   -0.102355 1.843035 0.000000
1146   -0.205208 1.840843 0.000000
1147   -0.308469 1.837102 0.000000
1148   -0.412036 1.831751 0.000000
1149   -0.515801 1.824734 0.000000
1150   -0.619645 1.816006 0.000000
1151   -0.723444 1.805531 0.000000
1152   -0.827068 1.793285 0.000000
1153   -0.930381 1.779259 0.000000
1154   -1.033243 1.763454 0.000000
1155   -1.135515 1.745888 0.000000
1156   -1.237057 1.726591 0.000000
1157   -1.337731 1.705609 0.000000
1158   -1.437402 1.683004 0.000000
1159   -1.535943 1.658849 0.000000
1160   -1.633233 1.633233 0.000000
1161   -1.658849 1.535943 0.000000
1162   -1.683004 1.437402 0.000000
1163   -1.705609 1.337731 0.000000
1164   -1.726591 1.237057 0.000000
1165   -1.745888 1.135515 0.000000
1166   -1.763454 1.033243 0.000000
1167   -1.779259 0.930381 0.000000
1168   -1.793285 0.827068 0.000000
1169   -1.805531 0.723444 0.000000
1170   -1.816006 0.619645 0.000000
1171   -1.824734 0.515801 0.000000
1172   -1.831751 0.412036 0.000000
1173   -1.837102 0.308469 0.000000
1174   -1.840843 0.205208 0.000000
1175   -1.843035 0.102355 0.000000
1176   -1.843750 0.000000 0.000000
1177   0.000000 1.750000 0.000000
1178   -0.047968 1.749627 0.000000
1179   -0.095935 1.749254 0.000000
1180   -0.144163 1.748110 0.000000
1181   -0.192391 1.746966 0.000000
1182   -0.240831 1.745015 0.000000
1183   -0.289272 1.743063 0.000000
1184   -0.337872 1.740271 0.000000
1185   -0.386472 1.737479 0.000000
1186   -0.435176 1.733818 0.000000
1187   -0.483879 1.730157 0.000000
1188   -0.532624 1.725603 0.000000
1189   -0.581369 1.721049 0.000000
1190   -0.630090 1.715584 0.000000
1191   -0.678812 1.710119 0.000000
1192   -0.727441 1.703730 0.000000
1193   -0.776071 1.697341 0.000000
1194   -0.824538 1.690023 0.000000
1195   -0.873006 1.682705 0.000000
1196   -0.921238 1.674459 0.000000
1197   -0.969471 1.666213 0.000000
1198   -1.017396 1.657048 0.000000
1199   -1.065320 1.647883 0.000000
1200   -1.112864 1.637815 0.000000
1201   -1.160407 1.627747 0.000000
1202   -1.207498 1.616800 0.000000
1203   -1.254588 1.605853 0.000000
1204   -1.301156 1.594059 0.000000
1205   -1.347724 1.582265 0.000000
1206   -1.393701 1.569662 0.000000
1207   -1.439679 1.557060 0.000000
1208   -1.485005 1.543695 0.000000
1209   -1.530330 1.530330 0.000000
1210   -1.543695 1.485005 0.000000
1211   -1.557060 1.439679 0.000000
1212   -1.569662 1.393701 0.000000
1213   -1.582265 1.347724 0.000000
1214   -1.594059 1.301156 0.000000
1215   -1.605853 1.254588 0.000000
1216   -1.616800 1.207498 0.000000
1217   -1.627747 1.160407 0.000000
1218   -1.637815 1.112864 0.000000
1219   -1.647883 1.065320 0.000000
1220   -1.657048 1.017396 0.000000
1221   -1.666213 0.969471 0.000000
1222   -1.674459 0.921238 0.000000
1223   -1.682705 0.873006 0.000000
1224   -1.690023 0.824538 0.000000
1225   -1.697341 0.776071 0.000000
1226   -1.703730 0.727441 0.000000
1227   -1.710119 0.678812 0.000000
1228   -1.715584 0.630090 0.000000
1229   -1.721049 0.581369 0.000000
1230   -1.725603 0.532624 0.000000
1231   -1.730157 0.483879 0.000000
1232   -1.733818 0.435176 0.000000
1233   -1.737479 0.386472 0.000000
1234   -1.740271 0.337872 0.000000
1235   -1.743063 0.289272 0.000000
1236   -1.745015 0.240831 0.000000
1237   -1.746966 0.192391 0.000000
1238   -1.748110 0.144163 0.000000
1239   -1.749254 0.095935 0.000000
1240   -1.749627 0.047968 0.000000
1241   -1.750000 0.000000 0.000000
1242   0.000000 1.656250 0.000000
1243   -0.089516 1.655473 0.000000
1244   -0.179574 1.653090 0.000000
1245   -0.270075 1.649024 0.000000
1246   -0.360909 1.643207 0.000000
1247   -0.451957 1.635580 0.000000
1248   -0.543092 1.626093 0.000000
1249   -0.634179 1.614707 0.000000
1250   -0.725074 1.601397 0.000000
1251   -0.815631 1.586151 0.000000
1252   -0.905699 1.568972 0.000000
1253   -0.995125 1.549878 0.000000
1254   -1.083758 1.528903 0.000000
1255   -1.171446 1.506097 0.000000
1256   -1.258045 1.481526 0.000000
1257   -1.343416 1.455271 0.000000
1258   -1.427427 1.427427 0.000000
1259   -1.455271 1.343416 0.000000
1260   -1.481526 1.258045 0.000000
1261   -1.506097 1.171446 0.000000
1262   -1.528903 1.083758 0.000000
1263   -1.549878 0.995125 0.000000
1264   -1.568972 0.905699 0.000000
1265   -1.586151 0.815631 0.000000
1266   -1.601397 0.725074 0.000000
1267   -1.614707 0.634179 0.000000
1268   -1.626093 0.543092 0.000000
1269   -1.635580 0.451957 0.000000
1270   -1.643207 0.360909 0.000000
1271   -1.649024 0.270075 0.000000
1272   -1.653090 0.179574 0.000000
1273   -1.655473 0.089516 0.000000
1274   -1.656250 0.000000 0.000000
1275   0.000000 1.562500 0.000000
1276   -0.041548 1.562096 0.000000
1277   -0.083096 1.561692 0.000000
1278   -0.124927 1.560453 0.000000
1279   -0.166757 1.559213 0.000000
1280   -0.208817 1.557099 0.000000
1281   -0.250878 1.554985 0.000000
1282   -0.293111 1.551960 0.000000
1283   -0.335345 1.548936 0.000000
1284   -0.377690 1.544970 0.000000
1285   -0.420035 1.541003 0.000000
1286   -0.462426 1.536070 0.000000
1287   -0.504816 1.531137 0.000000
1288   -0.547181 1.525216 0.000000
1289   -0.589546 1.519295 0.000000
1290   -0.631811 1.512374 0.000000
1291   -0.674077 1.505453 0.000000
1292   -0.716167 1.497525 0.000000
1293   -0.758256 1.489597 0.000000
1294   -0.800092 1.480664 0.000000
1295   -0.841927 1.471731 0.000000
1296   -0.883429 1.461802 0.000000
1297   -0.924930 1.451873 0.000000
1298   -0.966019 1.440966 0.000000
1299   -1.007108 1.430059 0.000000
1300   -1.047706 1.418200 0.000000
1301   -1.088304 1.406341 0.000000
1302   -1.128336 1.393564 0.000000
1303   -1.168367 1.380787 0.000000
1304   -1.207760 1.367134 0.000000
1305   -1.247153 1.353482 0.000000
1306   -1.285838 1.339003 0.000000
1307   -1.324524 1.324524 0.000000
1308   -1.339003 1.285838 0.000000
1309   -1.353482 1.247153 0.000000
1310   -1.367134 1.207760 0.000000
1311   -1.380787 1.168367 0.000000
1312   -1.393564 1.128336 0.000000
1313   -1.406341 1.088304 0.000000
1314   -1.418200 1.047706 0.000000
1315   -1.430059 1.007108 0.000000
1316   -1.440966 0.966019 0.000000
1317   -1.451873 0.924930 0.000000
1318   -1.461802 0.883429 0.000000
1319   -1.471731 0.841927 0.000000
1320   -1.480664 0.800092 0.000000
1321   -1.489597 0.758256 0.000000
1322   -1.497525 0.716167 0.000000
1323   -1.505453 0.674077 0.000000
1324   -1.512374 0.631811 0.000000
1325   -1.519295 0.589546 0.000000
1326   -1.525216 0.547181 0.000000
1327   -1.531137 0.504816 0.000000
1328   -1.536070 0.462426 0.000000
1329   -1.541003 0.420035 0.000000
1330   -1.544970 0.377690 0.000000
1331   -1.548936 0.335345 0.000000
1332   -1.551960 0.293111 0.000000
1333   -1.554985 0.250878 0.000000
1334   -1.557099 0.208817 0.000000
1335   -1.559213 0.166757 0.000000
1336   -1.560453 0.124927 0.000000
1337   -1.561692 0.083096 0.000000
1338   -1.562096 0.041548 0.000000
1339   -1.562500 0.000000 0.000000
1340   0.000000 1.468750 0.000000
1341   -0.076677 1.467911 0.000000
1342   -0.153940 1.465337 0.000000
1343   -0.231680 1.460946 0.000000
1344   -0.309781 1.454664 0.000000
1345   -0.388114 1.446427 0.000000
1346   -0.466540 1.436180 0.000000
1347   -0.544913 1.423884 0.000000
1348   -0.623080 1.409509 0.000000
1349   -0.700881 1.393043 0.000000
1350   -0.778155 1.374490 0.000000
1351   -0.854735 1.353868 0.000000
1352   -0.930458 1.331215 0.000000
1353   -1.005162 1.306585 0.000000
1354   -1.078689 1.280048 0.000000
1355   -1.150889 1.251693 0.000000
1356   -1.221621 1.221621 0.000000
1357   -1.251693 1.150889 0.000000
1358   -1.280048 1.078689 0.000000
1359   -1.306585 1.005162 0.000000
1360   -1.331215 0.930458 0.000000
1361   -1.353868 0.854735 0.000000
1362   -1.374490 0.778155 0.000000
1363   -1.393043 0.700881 0.000000
1364   -1.409509 0.623080 0.000000
1365   -1.423884 0.544913 0.000000
1366   -1.436180 0.466540 0.000000
1367   -1.446427 0.388114 0.000000
1368   -1.454664 0.309781 0.000000
1369   -1.460946 0.231680 0.000000
1370   -1.465337 0.153940 0.000000
1371   -1.467911 0.076677 0.000000
1372   -1.468750 0.000000 0.000000
1373   0.000000 1.375000 0.000000
1374   -0.035129 1.374565 0.000000
1375   -0.070258 1.374130 0.000000
1376   -0.105690 1.372795 0.000000
1377   -0.141123 1.371461 0.000000
1378   -0.176803 1.369184 0.000000
1379   -0.212483 1.366907 0.000000
1380   -0.248351 1.363649 0.000000
1381   -0.284218 1.360392 0.000000
1382   -0.320205 1.356121 0.000000
1383   -0.356192 1.351850 0.000000
1384   -0.392228 1.346537 0.000000
1385   -0.428263 1.341224 0.000000
1386   -0.464272 1.334848 0.000000
1387   -0.500280 1.328472 0.000000
1388   -0.536181 1.321018 0.000000
1389   -0.572083 1.313565 0.000000
1390   -0.607795 1.305027 0.000000
1391   -0.643507 1.296489 0.000000
1392   -0.678945 1.286869 0.000000
1393   -0.714383 1.277249 0.000000
1394   -0.749461 1.266556 0.000000
1395   -0.784540 1.255863 0.000000
1396   -0.819174 1.244117 0.000000
1397   -0.853809 1.232371 0.000000
1398   -0.887914 1.219600 0.000000
1399   -0.922020 1.206829 0.000000
1400   -0.955515 1.193069 0.000000
1401   -0.989011 1.179309 0.000000
1402   -1.021818 1.164606 0.000000
1403   -1.054626 1.149903 0.000000
1404   -1.086672 1.134311 0.000000
1405   -1.118718 1.118718 0.000000
1406   -1.134311 1.086672 0.000000
1407   -1.149903 1.054626 0.000000
1408   -1.164606 1.021818 0.000000
1409   -1.179309 0.989011 0.000000
1410   -1.193069 0.955515 0.000000
1411   -1.206829 0.922020 0.000000
1412   -1.219600 0.887914 0.000000
1413   -1.232371 0.853809 0.000000
1414   -1.244117 0.819174 0.000000
1415   -1.255863 0.784540 0.000000
1416   -1.266556 0.749461 0.000000
1417   -1.277249 0.714383 0.000000
1418   -1.286869 0.678945 0.000000
1419   -1.296489 0.643507 0.000000
1420   -1.305027 0.607795 0.000000
1421   -1.313565 0.572083 0.000000
1422   -1.321018 0.536181 0.000000
1423   -1.328472 0.500280 0.000000
1424   -1.334848 0.464272 0.000000
1425   -1.341224 0.428263 0.000000
1426   -1.346537 0.392228 0.000000
1427   -1.351850 0.356192 0.000000
1428   -1.356121 0.320205 0.000000
1429   -1.360392 0.284218 0.000000
1430   -1.363649 0.248351 0.000000
1431   -1.366907 0.212483 0.000000
1432   -1.369184 0.176803 0.000000
1433   -1.371461 0.141123 0.000000
1434   -1.372795 0.105690 0.000000
1435   -1.374130 0.070258 0.000000
1436   -1.374565 0.035129 0.000000
1437   -1.375000 0.000000 0.000000
1438   0.000000 1.281250 0.000000
1439   -0.063838 1.280349 0.000000
1440   -0.128306 1.277584 0.000000
1441   -0.193286 1.272868 0.000000
1442   -0.258654 1.266120 0.000000
1443   -0.324270 1.257273 0.000000
1444   -0.389987 1.246268 0.000000
1445   -0.455647 1.233060 0.000000
1446   -0.521086 1.217621 0.000000
1447   -0.586132 1.199935 0.000000
1448   -0.650611 1.180007 0.000000
1449   -0.714345 1.157858 0.000000
1450   -0.777159 1.133527 0.000000
1451   -0.838878 1.107072 0.000000
1452   -0.899333 1.078570 0.000000
1453   -0.958363 1.048114 0.000000
1454   -1.015816 1.015816 0.000000
1455   -1.048114 0.958363 0.000000
1456   -1.078570 0.899333 0.000000
1457   -1.107072 0.838878 0.000000
1458   -1.133527 0.777159 0.000000
1459   -1.157858 0.714345 0.000000
1460   -1.180007 0.650611 0.000000
1461   -1.199935 0.586132 0.000000
1462   -1.217621 0.521086 0.000000
1463   -1.233060 0.455647 0.000000
1464   -1.246268 0.389987 0.000000
1465   -1.257273 0.324270 0.000000
1466   -1.266120 0.258654 0.000000
1467   -1.272868 0.193286 0.000000
1468   -1.277584 0.128306 0.000000
1469   -1.280349 0.063838 0.000000
1470   -1.281250 0.000000 0.000000
1471   0.000000 1.187500 0.000000
1472   -0.028709 1.187034 0.000000
1473   -0.057419 1.186568 0.000000
1474   -0.086454 1.185138 0.000000
1475   -0.115489 1.183708 0.000000
1476   -0.144789 1.181268 0.000000
1477   -0.174089 1.178829 0.000000
1478   -0.203590 1.175339 0.000000
1479   -0.233090 1.171849 0.000000
1480   -0.262719 1.167273 0.000000
1481   -0.292349 1.162696 0.000000
1482   -0.322030 1.157004 0.000000
1483   -0.351711 1.151312 0.000000
1484   -0.381363 1.144480 0.000000
1485   -0.411014 1.137649 0.000000
1486   -0.440552 1.129663 0.000000
1487   -0.470089 1.121677 0.000000
1488   -0.499423 1.112529 0.000000
1489   -0.528757 1.103381 0.000000
1490   -0.557798 1.093074 0.000000
1491   -0.586839 1.082766 0.000000
1492   -0.615494 1.071310 0.000000
1493   -0.644150 1.059853 0.000000
1494   -0.672330 1.047268 0.000000
1495   -0.700509 1.034683 0.000000
1496   -0.728122 1.021000 0.000000
1497   -0.755735 1.007316 0.000000
1498   -0.782695 0.992574 0.000000
1499   -0.809654 0.977831 0.000000
1500   -0.835877 0.962078 0.000000
1501   -0.862099 0.946325 0.000000
1502   -0.887506 0.929619 0.000000
1503   -0.912913 0.912913 0.000000
1504   -0.929619 0.887506 0.000000
1505   -0.946325 0.862099 0.000000
1506   -0.962078 0.835877 0.000000
1507   -0.977831 0.809654 0.000000
1508   -0.992574 0.782695 0.000000
1509   -1.007316 0.755735 0.000000
1510   -1.021000 0.728122 0.000000
1511   -1.034683 0.700509 0.000000
1512   -1.047268 0.672330 0.000000
1513   -1.059853 0.644150 0.000000
1514   -1.071310 0.615494 0.000000
1515   -1.082766 0.586839 0.000000
1516   -1.093074 0.557798 0.000000
1517   -1.103381 0.528757 0.000000
1518   -1.112529 0.499423 0.000000
1519   -1.121677 0.470089 0.000000
1520   -1.129663 0.440552 0.000000
1521   -1.137649 0.411014 0.000000
1522   -1.144480 0.381363 0.000000
1523   -1.151312 0.351711 0.000000
1524   -1.157004 0.322030 0.000000
1525   -1.162696 0.292349 0.000000
1526   -1.167273 0.262719 0.000000
1527   -1.171849 0.233090 0.000000
1528   -1.175339 0.203590 0.000000
1529   -1.178829 0.174089 0.000000
1530   -1.181268 0.144789 0.000000
1531   -1.183708 0.115489 0.000000
1532   -1.185138 0.086454 0.000000
1533   -1.186568 0.057419 0.000000
1534   -1.187034 0.028709 0.000000
1535   -1.187500 0.000000 0.000000
1536   0.000000 1.093750 0.000000
1537   -0.051000 1.092787 0.000000
1538   -0.102671 1.089831 0.000000
1539   -0.154892 1.084790 0.000000
1540   -0.207527 1.077577 0.000000
1541   -0.260427 1.068119 0.000000
1542   -0.313435 1.056355 0.000000
1543   -0.366382 1.042237 0.000000
1544   -0.419092 1.025732 0.000000
1545   -0.471382 1.006827 0.000000
1546   -0.523067 0.985525 0.000000
1547   -0.573955 0.961848 0.000000
1548   -0.623859 0.935839 0.000000
1549   -0.672593 0.907560 0.000000
1550   -0.719976 0.877092 0.000000
1551   -0.765836 0.844536 0.000000
1552   -0.810010 0.810010 0.000000
1553   -0.844536 0.765836 0.000000
1554   -0.877092 0.719976 0.000000
1555   -0.907560 0.672593 0.000000
1556   -0.935839 0.623859 0.000000
1557   -0.961848 0.573955 0.000000
1558   -0.985525 0.523067 0.000000
1559   -1.006827 0.471382 0.000000
1560   -1.025732 0.419092 0.000000
1561   -1.042237 0.366382 0.000000
1562   -1.056355 0.313435 0.000000
1563   -1.068119 0.260427 0.000000
1564   -1.077577 0.207527 0.000000
1565   -1.084790 0.154892 0.000000
1566   -1.089831 0.102671 0.000000
1567   -1.092787 0.051000 0.000000
1568   -1.093750 0.000000 0.000000
1569   0.000000 1.000000 0.000000
1570   -0.022196 0.999754 0.000000
1571   -0.044580 0.999006 0.000000
1572   -0.067138 0.997744 0.000000
1573   -0.089854 0.995955 0.000000
1574   -0.112713 0.993628 0.000000
1575   -0.135695 0.990751 0.000000
1576   -0.158785 0.987313 0.000000
1577   -0.181963 0.983305 0.000000
1578   -0.205210 0.978718 0.000000
1579   -0.228505 0.973543 0.000000
1580   -0.251828 0.967772 0.000000
1581   -0.275158 0.961399 0.000000
1582   -0.298472 0.954418 0.000000
1583   -0.321749 0.946825 0.000000
1584   -0.344964 0.938616 0.000000
1585   -0.368095 0.929788 0.000000
1586   -0.391117 0.920341 0.000000
1587   -0.414008 0.910273 0.000000
1588   -0.436742 0.899587 0.000000
1589   -0.459295 0.888284 0.000000
1590   -0.481642 0.876368 0.000000
1591   -0.503760 0.863844 0.000000
1592   -0.525624 0.850717 0.000000
1593   -0.547210 0.836996 0.000000
1594   -0.568493 0.822688 0.000000
1595   -0.589451 0.807804 0.000000
1596   -0.610060 0.792355 0.000000
1597   -0.630298 0.776353 0.000000
1598   -0.650143 0.759812 0.000000
1599   -0.669572 0.742747 0.000000
1600   -0.688567 0.725173 0.000000
1601   -0.707107 0.707107 0.000000
1602   -0.725173 0.688567 0.000000
1603   -0.742747 0.669572 0.000000
1604   -0.759812 0.650143 0.000000
1605   -0.776353 0.630298 0.000000
1606   -0.792355 0.610060 0.000000
1607   -0.807804 0.589451 0.000000
1608   -0.822688 0.568493 0.000000
1609   -0.836996 0.547210 0.000000
1610   -0.850717 0.525624 0.000000
1611   -0.863844 0.503760 0.000000
1612   -0.876368 0.481642 0.000000
1613   -0.888284 0.459295 0.000000
1614   -0.899587 0.436742 0.000000
1615   -0.910273 0.414008 0.000000
1616   -0.920341 0.391117 0.000000
1617   -0.929788 0.368095 0.000000
1618   -0.938616 0.344964 0.000000
1619   -0.946825 0.321749 0.000000
1620   -0.954418 0.298472 0.000000
1621   -0.961399 0.275158 0.000000
1622   -0.967772 0.251828 0.000000
1623   -0.973543 0.228505 0.000000
1624   -0.978718 0.205210 0.000000
1625   -0.983305 0.181963 0.000000
1626   -0.987313 0.158785 0.000000
1627   -0.990751 0.135695 0.000000
1628   -0.993628 0.112713 0.000000
1629   -0.995955 0.089854 0.000000
1630   -0.997744 0.067138 0.000000
1631   -0.999006 0.044580 0.000000
1632   -0.999754 0.022196 0.000000
1633   -1.000000 0.000000 0.000000

%NODE.SUPPORT
66
1   1 0 0 0 0 0
65   0 1 0 0 0 0
66   1 0 0 0 0 0
98   0 1 0 0 0 0
99   1 0 0 0 0 0
163   0 1 0 0 0 0
164   1 0 0 0 0 0
196   0 1 0 0 0 0
197   1 0 0 0 0 0
261   0 1 0 0 0 0
262   1 0 0 0 0 0
294   0 1 0 0 0 0
295   1 0 0 0 0 0
359   0 1 0 0 0 0
360   1 0 0 0 0 0
392   0 1 0 0 0 0
393   1 0 0 0 0 0
457   0 1 0 0 0 0
458   1 0 0 0 0 0
490   0 1 0 0 0 0
491   1 0 0 0 0 0
555   0 1 0 0 0 0
556   1 0 0 0 0 0
588   0 1 0 0 0 0
589   1 0 0 0 0 0
653   0 1 0 0 0 0
654   1 0 0 0 0 0
686   0 1 0 0 0 0
687   1 0 0 0 0 0
751   0 1 0 0 0 0
752   1 0 0 0 0 0
784   0 1 0 0 0 0
785   1 0 0 0 0 0
849   0 1 0 0 0 0
850   1 0 0 0 0 0
882   0 1 0 0 0 0
883   1 0 0 0 0 0
947   0 1 0 0 0 0
948   1 0 0 0 0 0
980   0 1 0 0 0 0
981   1 0 0 0 0 0
1045   0 1 0 0 0 0
1046   1 0 0 0 0 0
1078   0 1 0 0 0 0
1079   1 0 0 0 0 0
1143   0 1 0 0 0 0
1144   1 0 0 0 0 0
1176   0 1 0 0 0 0
1177   1 0 0 0 0 0
1241   0 1 0 0 0 0
1242   1 0 0 0 0 0
1274   0 1 0 0 0 0
1275   1 0 0 0 0 0
1339   0 1 0 0 0 0
1340   1 0 0 0 0 0
1372   0 1 0 0 0 0
1373   1 0 0 0 0 0
1437   0 1 0 0 0 0
1438   1 0 0 0 0 0
1470   0 1 0 0 0 0
1471   1 0 0 0 0 0
1535   0 1 0 0 0 0
1536   1 0 0 0 0 0
1568   0 1 0 0 0 0
1569   1 0 0 0 0 0
1633   0 1 0 0 0 0

%MATERIAL
1

%MATERIAL.ISOTROPIC
1
1   100000.0 0.300000

%THICKNESS
1
1   1.000000

%INTEGRATION.ORDER
4
1 1 1 1 1 1 1
2 3 3 1 3 3 1
3 1 1 1 1 1 1
4 3 3 1 3 3 1

%ELEMENT
512


%ELEMENT.Q8
512
1   1 1 4 1 2 3 67 101 100 99 66
2   1 1 4 99 100 101 165 199 198 197 164
3   1 1 4 197 198 199 263 297 296 295 262
4   1 1 4 295 296 297 361 395 394 393 360
5   1 1 4 393 394 395 459 493 492 491 458
6   1 1 4 491 492 493 557 591 590 589 556
7   1 1 4 589 590 591 655 689 688 687 654
8   1 1 4 687 688 689 753 787 786 785 752
9   1 1 4 785 786 787 851 885 884 883 850
10   1 1 4 883 884 885 949 983 982 981 948
11   1 1 4 981 982 983 1047 1081 1080 1079 1046
12   1 1 4 1079 1080 1081 1145 1179 1178 1177 1144
13   1 1 4 1177 1178 1179 1243 1277 1276 1275 1242
14   1 1 4 1275 1276 1277 1341 1375 1374 1373 1340
15   1 1 4 1373 1374 1375 1439 1473 1472 1471 1438
16   1 1 4 1471 1472 1473 1537 1571 1570 1569 1536
17   1 1 4 3 4 5 68 103 102 101 67
18   1 1 4 101 102 103 166 201 200 199 165
19   1 1 4 199 200 201 264 299 298 297 263
20   1 1 4 297 298 299 362 397 396 395 361
21   1 1 4 395 396 397 460 495 494 493 459
22   1 1 4 493 494 495 558 593 592 591 557
23   1 1 4 591 592 593 656 691 690 689 655
24   1 1 4 689 690 691 754 789 788 787 753
25   1 1 4 787 788 789 852 887 886 885 851
26   1 1 4 885 886 887 950 985 984 983 949
27   1 1 4 983 984 985 1048 1083 1082 1081 1047
28   1 1 4 1081 1082 1083 1146 1181 1180 1179 1145
29   1 1 4 1179 1180 1181 1244 1279 1278 1277 1243
30   1 1 4 1277 1278 1279 1342 1377 1376 1375 1341
31   1 1 4 1375 1376 1377 1440 1475 1474 1473 1439
32   1 1 4 1473 1474 1475 1538 1573 1572 1571 1537
33   1 1 4 5 6 7 69 105 104 103 68
34   1 1 4 103 104 105 167 203 202 201 166
35   1 1 4 201 202 203 265 301 300 299 264
36   1 1 4 299 300 301 363 399 398 397 362
37   1 1 4 397 398 399 461 497 496 495 460
38   1 1 4 495 496 497 559 595 594 593 558
39   1 1 4 593 594 595 657 693 692 691 656
40   1 1 4 691 692 693 755 791 790 789 754
41   1 1 4 789 790 791 853 889 888 887 852
42   1 1 4 887 888 889 951 987 986 985 950
43   1 1 4 985 986 987 1049 1085 1084 1083 1048
44   1 1 4 1083 1084 1085 1147 1183 1182 1181 1146
45   1 1 4 1181 1182 1183 1245 1281 1280 1279 1244
46   1 1 4 1279 1280 1281 1343 1379 1378 1377 1342
47   1 1 4 1377 1378 1379 1441 1477 1476 1475 1440
48   1 1 4 1475 1476 1477 1539 1575 1574 1573 1538
49   1 1 4 7 8 9 70 107 106 105 69
50   1 1 4 105 106 107 168 205 204 203 167
51   1 1 4 203 204 205 266 303 302 301 265
52   1 1 4 301 302 303 364 401 400 399 363
53   1 1 4 399 400 401 462 499 498 497 461
54   1 1 4 497 498 499 560 597 596 595 559
55   1 1 4 595 596 597 658 695 694 693 657
56   1 1 4 693 694 695 756 793 792 791 755
57   1 1 4 791 792 793 854 891 890 889 853
58   1 1 4 889 890 891 952 989 988 987 951
59   1 1 4 987 988 989 1050 1087 1086 1085 1049
60   1 1 4 1085 1086 1087 1148 1185 1184 1183 1147
61   1 1 4 1183 1184 1185 1246 1283 1282 1281 1245
62   1 1 4 1281 1282 1283 1344 1381 1380 1379 1343
63   1 1 4 1379 1380 1381 1442 1479 1478 1477 1441
64   1 1 4 1477 1478 1479 1540 1577 1576 1575 1539
65   1 1 4 9 10 11 71 109 108 107 70
66   1 1 4 107 108 109 169 207 206 205 168
67   1 1 4 205 206 207 267 305 304 303 266
68   1 1 4 303 304 305 365 403 402 401 364
69   1 1 4 401 402 403 463 501 500 499 462
70   1 1 4 499 500 501 561 599 598 597 560
71   1 1 4 597 598 599 659 697 696 695 658
72   1 1 4 695 696 697 757 795 794 793 756
73   1 1 4 793 794 795 855 893 892 891 854
74   1 1 4 891 892 893 953 991 990 989 952
75   1 1 4 989 990 991 1051 1089 1088 1087 1050
76   1 1 4 1087 1088 1089 1149 1187 1186 1185 1148
77   1 1 4 1185 1186 1187 1247 1285 1284 1283 1246
78   1 1 4 1283 1284 1285 1345 1383 1382 1381 1344
79   1 1 4 1381 1382 1383 1443 1481 1480 1479 1442
80   1 1 4 1479 1480 1481 1541 1579 1578 1577 1540
81   1 1 4 11 12 13 72 111 110 109 71
82   1 1 4 109 110 111 170 209 208 207 169
83   1 1 4 207 208 209 268 307 306 305 267
84   1 1 4 305 306 307 366 405 404 403 365
85   1 1 4 403 404 405 464 503 502 501 463
86   1 1 4 501 502 503 562 601 600 599 561
87   1 1 4 599 600 601 660 699 698 697 659
88   1 1 4 697 698 699 758 797 796 795 757
89   1 1 4 795 796 797 856 895 894 893 855
90   1 1 4 893 894 895 954 993 992 991 953
91   1 1 4 991 992 993 1052 1091 1090 1089 1051
92   1 1 4 1089 1090 1091 1150 1189 1188 1187 1149
93   1 1 4 1187 1188 1189 1248 1287 1286 1285 1247
94   1 1 4 1285 1286 1287 1346 1385 1384 1383 1345
95   1 1 4 1383 1384 1385 1444 1483 1482 1481 1443
96   1 1 4 1481 1482 1483 1542 1581 1580 1579 1541
97   1 1 4 13 14 15 73 113 112 111 72
98   1 1 4 111 112 113 171 211 210 209 170
99   1 1 4 209 210 211 269 309 308 307 268
100   1 1 4 307 308 309 367 407 406 405 366
101   1 1 4 405 406 407 465 505 504 503 464
102   1 1 4 503 504 505 563 603 602 601 562
103   1 1 4 601 602 603 661 701 700 699 660
104   1 1 4 699 700 701 759 799 798 797 758
105   1 1 4 797 798 799 857 897 896 895 856
106   1 1 4 895 896 897 955 995 994 993 954
107   1 1 4 993 994 995 1053 1093 1092 1091 1052
108   1 1 4 1091 1092 1093 1151 1191 1190 1189 1150
109   1 1 4 1189 1190 1191 1249 1289 1288 1287 1248
110   1 1 4 1287 1288 1289 1347 1387 1386 1385 1346
111   1 1 4 1385 1386 1387 1445 1485 1484 1483 1444
112   1 1 4 1483 1484 1485 1543 1583 1582 1581 1542
113   1 1 4 15 16 17 74 115 114 113 73
114   1 1 4 113 114 115 172 213 212 211 171
115   1 1 4 211 212 213 270 311 310 309 269
116   1 1 4 309 310 311 368 409 408 407 367
117   1 1 4 407 408 409 466 507 506 505 465
118   1 1 4 505 506 507 564 605 604 603 563
119   1 1 4 603 604 605 662 703 702 701 661
120   1 1 4 701 702 703 760 801 800 799 759
121   1 1 4 799 800 801 858 899 898 897 857
122   1 1 4 897 898 899 956 997 996 995 955
123   1 1 4 995 996 997 1054 1095 1094 1093 1053
124   1 1 4 1093 1094 1095 1152 1193 1192 1191 1151
125   1 1 4 1191 1192 1193 1250 1291 1290 1289 1249
126   1 1 4 1289 1290 1291 1348 1389 1388 1387 1347
127   1 1 4 1387 1388 1389 1446 1487 1486 1485 1445
128   1 1 4 1485 1486 1487 1544 1585 1584 1583 1543
129   1 1 4 17 18 19 75 117 116 115 74
130   1 1 4 115 116 117 173 215 214 213 172
131   1 1 4 213 214 215 271 313 312 311 270
132   1 1 4 311 312 313 369 411 410 409 368
133   1 1 4 409 410 411 467 509 508 507 466
134   1 1 4 507 508 509 565 607 606 605 564
135   1 1 4 605 606 607 663 705 704 703 662
136   1 1 4 703 704 705 761 803 802 801 760
137   1 1 4 801 802 803 859 901 900 899 858
138   1 1 4 899 900 901 957 999 998 997 956
139   1 1 4 997 998 999 1055 1097 1096 1095 1054
140   1 1 4 1095 1096 1097 1153 1195 1194 1193 1152
141   1 1 4 1193 1194 1195 1251 1293 1292 1291 1250
142   1 1 4 1291 1292 1293 1349 1391 1390 1389 1348
143   1 1 4 1389 1390 1391 1447 1489 1488 1487 1446
144   1 1 4 1487 1488 1489 1545 1587 1586 1585 1544
145   1 1 4 19 20 21 76 119 118 117 75
146   1 1 4 117 118 119 174 217 216 215 173
147   1 1 4 215 216 217 272 315 314 313 271
148   1 1 4 313 314 315 370 413 412 411 369
149   1 1 4 411 412 413 468 511 510 509 467
150   1 1 4 509 510 511 566 609 608 607 565
151   1 1 4 607 608 609 664 707 706 705 663
152   1 1 4 705 706 707 762 805 804 803 761
153   1 1 4 803 804 805 860 903 902 901 859
154   1 1 4 901 902 903 958 1001 1000 999 957
155   1 1 4 999 1000 1001 1056 1099 1098 1097 1055
156   1 1 4 1097 1098 1099 1154 1197 1196 1195 1153
157   1 1 4 1195 1196 1197 1252 1295 1294 1293 1251
158   1 1 4 1293 1294 1295 1350 1393 1392 1391 1349
159   1 1 4 1391 1392 1393 1448 1491 1490 1489 1447
160   1 1 4 1489 1490 1491 1546 1589 1588 1587 1545
161   1 1 4 21 22 23 77 121 120 119 76
162   1 1 4 119 120 121 175 219 218 217 174
163   1 1 4 217 218 219 273 317 316 315 272
164   1 1 4 315 316 317 371 415 414 413 370
165   1 1 4 413 414 415 469 513 512 511 468
166   1 1 4 511 512 513 567 611 610 609 566
167   1 1 4 609 610 611 665 709 708 707 664
168   1 1 4 707 708 709 763 807 806 805 762
169   1 1 4 805 806 807 861 905 904 903 860
170   1 1 4 903 904 905 959 1003 1002 1001 958
171   1 1 4 1001 1002 1003 1057 1101 1100 1099 1056
172   1 1 4 1099 1100 1101 1155 1199 1198 1197 1154
173   1 1 4 1197 1198 1199 1253 1297 1296 1295 1252
174   1 1 4 1295 1296 1297 1351 1395 1394 1393 1350
175   1 1 4 1393 1394 1395 1449 1493 1492 1491 1448
176   1 1 4 1491 1492 1493 1547 1591 1590 1589 1546
177   1 1 4 23 24 25 78 123 122 121 77
178   1 1 4 121 122 123 176 221 220 219 175
179   1 1 4 219 220 221 274 319 318 317 273
180   1 1 4 317 318 319 372 417 416 415 371
181   1 1 4 415 416 417 470 515 514 513 469
182   1 1 4 513 514 515 568 613 612 611 567
183   1 1 4 611 612 613 666 711 710 709 665
184   1 1 4 709 710 711 764 809 808 807 763
185   1 1 4 807 808 809 862 907 906 905 861
186   1 1 4 905 906 907 960 1005 1004 1003 959
187   1 1 4 1003 1004 1005 1058 1103 1102 1101 1057
188   1 1 4 1101 1102 1103 1156 1201 1200 1199 1155
189   1 1 4 1199 1200 1201 1254 1299 1298 1297 1253
190   1 1 4 1297 1298 1299 1352 1397 1396 1395 1351
191   1 1 4 1395 1396 1397 1450 1495 1494 1493 1449
192   1 1 4 1493 1494 1495 1548 1593 1592 1591 1547
193   1 1 4 25 26 27 79 125 124 123 78
194   1 1 4 123 124 125 177 223 222 221 176
195   1 1 4 221 222 223 275 321 320 319 274
196   1 1 4 319 320 321 373 419 418 417 372
197   1 1 4 417 418 419 471 517 516 515 470
198   1 1 4 515 516 517 569 615 614 613 568
199   1 1 4 613 614 615 667 713 712 711 666
200   1 1 4 711 712 713 765 811 810 809 764
201   1 1 4 809 810 811 863 909 908 907 862
202   1 1 4 907 908 909 961 1007 1006 1005 960
203   1 1 4 1005 1006 1007 1059 1105 1104 1103 1058
204   1 1 4 1103 1104 1105 1157 1203 1202 1201 1156
205   1 1 4 1201 1202 1203 1255 1301 1300 1299 1254
206   1 1 4 1299 1300 1301 1353 1399 1398 1397 1352
207   1 1 4 1397 1398 1399 1451 1497 1496 1495 1450
208   1 1 4 1495 1496 1497 1549 1595 1594 1593 1548
209   1 1 4 27 28 29 80 127 126 125 79
210   1 1 4 125 126 127 178 225 224 223 177
211   1 1 4 223 224 225 276 323 322 321 275
212   1 1 4 321 322 323 374 421 420 419 373
213   1 1 4 419 420 421 472 519 518 517 471
214   1 1 4 517 518 519 570 617 616 615 569
215   1 1 4 615 616 617 668 715 714 713 667
216   1 1 4 713 714 715 766 813 812 811 765
217   1 1 4 811 812 813 864 911 910 909 863
218   1 1 4 909 910 911 962 1009 1008 1007 961
219   1 1 4 1007 1008 1009 1060 1107 1106 1105 1059
220   1 1 4 1105 1106 1107 1158 1205 1204 1203 1157
221   1 1 4 1203 1204 1205 1256 1303 1302 1301 1255
222   1 1 4 1301 1302 1303 1354 1401 1400 1399 1353
223   1 1 4 1399 1400 1401 1452 1499 1498 1497 1451
224   1 1 4 1497 1498 1499 1550 1597 1596 1595 1549
225   1 1 4 29 30 31 81 129 128 127 80
226   1 1 4 127 128 129 179 227 226 225 178
227   1 1 4 225 226 227 277 325 324 323 276
228   1 1 4 323 324 325 375 423 422 421 374
229   1 1 4 421 422 423 473 521 520 519 472
230   1 1 4 519 520 521 571 619 618 617 570
231   1 1 4 617 618 619 669 717 716 715 668
232   1 1 4 715 716 717 767 815 814 813 766
233   1 1 4 813 814 815 865 913 912 911 864
234   1 1 4 911 912 913 963 1011 1010 1009 962
235   1 1 4 1009 1010 1011 1061 1109 1108 1107 1060
236   1 1 4 1107 1108 1109 1159 1207 1206 1205 1158
237   1 1 4 1205 1206 1207 1257 1305 1304 1303 1256
238   1 1 4 1303 1304 1305 1355 1403 1402 1401 1354
239   1 1 4 1401 1402 1403 1453 1501 1500 1499 1452
240   1 1 4 1499 1500 1501 1551 1599 1598 1597 1550
241   1 1 4 31 32 33 82 131 130 129 81
242   1 1 4 129 130 131 180 229 228 227 179
243   1 1 4 227 228 229 278 327 326 325 277
244   1 1 4 325 326 327 376 425 424 423 375
245   1 1 4 423 424 425 474 523 522 521 473
246   1 1 4 521 522 523 572 621 620 619 571
247   1 1 4 619 620 621 670 719 718 717 669
248   1 1 4 717 718 719 768 817 816 815 767
249   1 1 4 815 816 817 866 915 914 913 865
250   1 1 4 913 914 915 964 1013 1012 1011 963
251   1 1 4 1011 1012 1013 1062 1111 1110 1109 1061
252   1 1 4 1109 1110 1111 1160 1209 1208 1207 1159
253   1 1 4 1207 1208 1209 1258 1307 1306 1305 1257
254   1 1 4 1305 1306 1307 1356 1405 1404 1403 1355
255   1 1 4 1403 1404 1405 1454 1503 1502 1501 1453
256   1 1 4 1501 1502 1503 1552 1601 1600 1599 1551
257   1 1 4 33 34 35 83 133 132 131 82
258   1 1 4 131 132 133 181 231 230 229 180
259   1 1 4 229 230 231 279 329 328 327 278
260   1 1 4 327 328 329 377 427 426 425 376
261   1 1 4 425 426 427 475 525 524 523 474
262   1 1 4 523 524 525 573 623 622 621 572
263   1 1 4 621 622 623 671 721 720 719 670
264   1 1 4 719 720 721 769 819 818 817 768
265   1 1 4 817 818 819 867 917 916 915 866
266   1 1 4 915 916 917 965 1015 1014 1013 964
267   1 1 4 1013 1014 1015 1063 1113 1112 1111 1062
268   1 1 4 1111 1112 1113 1161 1211 1210 1209 1160
269   1 1 4 1209 1210 1211 1259 1309 1308 1307 1258
270   1 1 4 1307 1308 1309 1357 1407 1406 1405 1356
271   1 1 4 1405 1406 1407 1455 1505 1504 1503 1454
272   1 1 4 1503 1504 1505 1553 1603 1602 1601 1552
273   1 1 4 35 36 37 84 135 134 133 83
274   1 1 4 133 134 135 182 233 232 231 181
275   1 1 4 231 232 233 280 331 330 329 279
276   1 1 4 329 330 331 378 429 428 427 377
277   1 1 4 427 428 429 476 527 526 525 475
278   1 1 4 525 526 527 574 625 624 623 573
279   1 1 4 623 624 625 672 723 722 721 671
280   1 1 4 721 722 723 770 821 820 819 769
281   1 1 4 819 820 821 868 919 918 917 867
282   1 1 4 917 918 919 966 1017 1016 1015 965
283   1 1 4 1015 1016 1017 1064 1115 1114 1113 1063
284   1 1 4 1113 1114 1115 1162 1213 1212 1211 1161
285   1 1 4 1211 1212 1213 1260 1311 1310 1309 1259
286   1 1 4 1309 1310 1311 1358 1409 1408 1407 1357
287   1 1 4 1407 1408 1409 1456 1507 1506 1505 1455
288   1 1 4 1505 1506 1507 1554 1605 1604 1603 1553
289   1 1 4 37 38 39 85 137 136 135 84
290   1 1 4 135 136 137 183 235 234 233 182
291   1 1 4 233 234 235 281 333 332 331 280
292   1 1 4 331 332 333 379 431 430 429 378
293   1 1 4 429 430 431 477 529 528 527 476
294   1 1 4 527 528 529 575 627 626 625 574
295   1 1 4 625 626 627 673 725 724 723 672
296   1 1 4 723 724 725 771 823 822 821 770
297   1 1 4 821 822 823 869 921 920 919 868
298   1 1 4 919 920 921 967 1019 1018 1017 966
299   1 1 4 1017 1018 1019 1065 1117 1116 1115 1064
300   1 1 4 1115 1116 1117 1163 1215 1214 1213 1162
301   1 1 4 1213 1214 1215 1261 1313 1312 1311 1260
302   1 1 4 1311 1312 1313 1359 1411 1410 1409 1358
303   1 1 4 1409 1410 1411 1457 1509 1508 1507 1456
304   1 1 4 1507 1508 1509 1555 1607 1606 1605 1554
305   1 1 4 39 40 41 86 139 138 137 85
306   1 1 4 137 138 139 184 237 236 235 183
307   1 1 4 235 236 237 282 335 334 333 281
308   1 1 4 333 334 335 380 433 432 431 379
309   1 1 4 431 432 433 478 531 530 529 477
310   1 1 4 529 530 531 576 629 628 627 575
311   1 1 4 627 628 629 674 727 726 725 673
312   1 1 4 725 726 727 772 825 824 823 771
313   1 1 4 823 824 825 870 923 922 921 869
314   1 1 4 921 922 923 968 1021 1020 1019 967
315   1 1 4 1019 1020 1021 1066 1119 1118 1117 1065
316   1 1 4 1117 1118 1119 1164 1217 1216 1215 1163
317   1 1 4 1215 1216 1217 1262 1315 1314 1313 1261
318   1 1 4 1313 1314 1315 1360 1413 1412 1411 1359
319   1 1 4 1411 1412 1413 1458 1511 1510 1509 1457
320   1 1 4 1509 1510 1511 1556 1609 1608 1607 1555
321   1 1 4 41 42 43 87 141 140 139 86
322   1 1 4 139 140 141 185 239 238 237 184
323   1 1 4 237 238 239 283 337 336 335 282
324   1 1 4 335 336 337 381 435 434 433 380
325   1 1 4 433 434 435 479 533 532 531 478
326   1 1 4 531 532 533 577 631 630 629 576
327   1 1 4 629 630 631 675 729 728 727 674
328   1 1 4 727 728 729 773 827 826 825 772
329   1 1 4 825 826 827 871 925 924 923 870
330   1 1 4 923 924 925 969 1023 1022 1021 968
331   1 1 4 1021 1022 1023 1067 1121 1120 1119 1066
332   1 1 4 1119 1120 1121 1165 1219 1218 1217 1164
333   1 1 4 1217 1218 1219 1263 1317 1316 1315 1262
334   1 1 4 1315 1316 1317 1361 1415 1414 1413 1360
335   1 1 4 1413 1414 1415 1459 1513 1512 1511 1458
336   1 1 4 1511 1512 1513 1557 1611 1610 1609 1556
337   1 1 4 43 44 45 88 143 142 141 87
338   1 1 4 141 142 143 186 241 240 239 185
339   1 1 4 239 240 241 284 339 338 337 283
340   1 1 4 337 338 339 382 437 436 435 381
341   1 1 4 435 436 437 480 535 534 533 479
342   1 1 4 533 534 535 578 633 632 631 577
343   1 1 4 631 632 633 676 731 730 729 675
344   1 1 4 729 730 731 774 829 828 827 773
345   1 1 4 827 828 829 872 927 926 925 871
346   1 1 4 925 926 927 970 1025 1024 1023 969
347   1 1 4 1023 1024 1025 1068 1123 1122 1121 1067
348   1 1 4 1121 1122 1123 1166 1221 1220 1219 1165
349   1 1 4 1219 1220 1221 1264 1319 1318 1317 1263
350   1 1 4 1317 1318 1319 1362 1417 1416 1415 1361
351   1 1 4 1415 1416 1417 1460 1515 1514 1513 1459
352   1 1 4 1513 1514 1515 1558 1613 1612 1611 1557
353   1 1 4 45 46 47 89 145 144 143 88
354   1 1 4 143 144 145 187 243 242 241 186
355   1 1 4 241 242 243 285 341 340 339 284
356   1 1 4 339 340 341 383 439 438 437 382
357   1 1 4 437 438 439 481 537 536 535 480
358   1 1 4 535 536 537 579 635 634 633 578
359   1 1 4 633 634 635 677 733 732 731 676
360   1 1 4 731 732 733 775 831 830 829 774
361   1 1 4 829 830 831 873 929 928 927 872
362   1 1 4 927 928 929 971 1027 1026 1025 970
363   1 1 4 1025 1026 1027 1069 1125 1124 1123 1068
364   1 1 4 1123 1124 1125 1167 1223 1222 1221 1166
365   1 1 4 1221 1222 1223 1265 1321 1320 1319 1264
366   1 1 4 1319 1320 1321 1363 1419 1418 1417 1362
367   1 1 4 1417 1418 1419 1461 1517 1516 1515 1460
368   1 1 4 1515 1516 1517 1559 1615 1614 1613 1558
369   1 1 4 47 48 49 90 147 146 145 89
370   1 1 4 145 146 147 188 245 244 243 187
371   1 1 4 243 244 245 286 343 342 341 285
372   1 1 4 341 342 343 384 441 440 439 383
373   1 1 4 439 440 441 482 539 538 537 481
374   1 1 4 537 538 539 580 637 636 635 579
375   1 1 4 635 636 637 678 735 734 733 677
376   1 1 4 733 734 735 776 833 832 831 775
377   1 1 4 831 832 833 874 931 930 929 873
378   1 1 4 929 930 931 972 1029 1028 1027 971
379   1 1 4 1027 1028 1029 1070 1127 1126 1125 1069
380   1 1 4 1125 1126 1127 1168 1225 1224 1223 1167
381   1 1 4 1223 1224 1225 1266 1323 1322 1321 1265
382   1 1 4 1321 1322 1323 1364 1421 1420 1419 1363
383   1 1 4 1419 1420 1421 1462 1519 1518 1517 1461
384   1 1 4 1517 1518 1519 1560 1617 1616 1615 1559
385   1 1 4 49 50 51 91 149 148 147 90
386   1 1 4 147 148 149 189 247 246 245 188
387   1 1 4 245 246 247 287 345 344 343 286
388   1 1 4 343 344 345 385 443 442 441 384
389   1 1 4 441 442 443 483 541 540 539 482
390   1 1 4 539 540 541 581 639 638 637 580
391   1 1 4 637 638 639 679 737 736 735 678
392   1 1 4 735 736 737 777 835 834 833 776
393   1 1 4 833 834 835 875 933 932 931 874
394   1 1 4 931 932 933 973 1031 1030 1029 972
395   1 1 4 1029 1030 1031 1071 1129 1128 1127 1070
396   1 1 4 1127 1128 1129 1169 1227 1226 1225 1168
397   1 1 4 1225 1226 1227 1267 1325 1324 1323 1266
398   1 1 4 1323 1324 1325 1365 1423 1422 1421 1364
399   1 1 4 1421 1422 1423 1463 1521 1520 1519 1462
400   1 1 4 1519 1520 1521 1561 1619 1618 1617 1560
401   1 1 4 51 52 53 92 151 150 149 91
402   1 1 4 149 150 151 190 249 248 247 189
403   1 1 4 247 248 249 288 347 346 345 287
404   1 1 4 345 346 347 386 445 444 443 385
405   1 1 4 443 444 445 484 543 542 541 483
406   1 1 4 541 542 543 582 641 640 639 581
407   1 1 4 639 640 641 680 739 738 737 679
408   1 1 4 737 738 739 778 837 836 835 777
409   1 1 4 835 836 837 876 935 934 933 875
410   1 1 4 933 934 935 974 1033 1032 1031 973
411   1 1 4 1031 1032 1033 1072 1131 1130 1129 1071
412   1 1 4 1129 1130 1131 1170 1229 1228 1227 1169
413   1 1 4 1227 1228 1229 1268 1327 1326 1325 1267
414   1 1 4 1325 1326 1327 1366 1425 1424 1423 1365
415   1 1 4 1423 1424 1425 1464 1523 1522 1521 1463
416   1 1 4 1521 1522 1523 1562 1621 1620 1619 1561
417   1 1 4 53 54 55 93 153 152 151 92
418   1 1 4 151 152 153 191 251 250 249 190
419   1 1 4 249 250 251 289 349 348 347 288
420   1 1 4 347 348 349 387 447 446 445 386
421   1 1 4 445 446 447 485 545 544 543 484
422   1 1 4 543 544 545 583 643 642 641 582
423   1 1 4 641 642 643 681 741 740 739 680
424   1 1 4 739 740 741 779 839 838 837 778
425   1 1 4 837 838 839 877 937 936 935 876
426   1 1 4 935 936 937 975 1035 1034 1033 974
427   1 1 4 1033 1034 1035 1073 1133 1132 1131 1072
428   1 1 4 1131 1132 1133 1171 1231 1230 1229 1170
429   1 1 4 1229 1230 1231 1269 1329 1328 1327 1268
430   1 1 4 1327 1328 1329 1367 1427 1426 1425 1366
431   1 1 4 1425 1426 1427 1465 1525 1524 1523 1464
432   1 1 4 1523 1524 1525 1563 1623 1622 1621 1562
433   1 1 4 55 56 57 94 155 154 153 93
434   1 1 4 153 154 155 192 253 252 251 191
435   1 1 4 251 252 253 290 351 350 349 289
436   1 1 4 349 350 351 388 449 448 447 387
437   1 1 4 447 448 449 486 547 546 545 485
438   1 1 4 545 546 547 584 645 644 643 583
439   1 1 4 643 644 645 682 743 742 741 681
440   1 1 4 741 742 743 780 841 840 839 779
441   1 1 4 839 840 841 878 939 938 937 877
442   1 1 4 937 938 939 976 1037 1036 1035 975
443   1 1 4 1035 1036 1037 1074 1135 1134 1133 1073
444   1 1 4 1133 1134 1135 1172 1233 1232 1231 1171
445   1 1 4 1231 1232 1233 1270 1331 1330 1329 1269
446   1 1 4 1329 1330 1331 1368 1429 1428 1427 1367
447   1 1 4 1427 1428 1429 1466 1527 1526 1525 1465
448   1 1 4 1525 1526 1527 1564 1625 1624 1623 1563
449   1 1 4 57 58 59 95 157 156 155 94
450   1 1 4 155 156 157 193 255 254 253 192
451   1 1 4 253 254 255 291 353 352 351 290
452   1 1 4 351 352 353 389 451 450 449 388
453   1 1 4 449 450 451 487 549 548 547 486
454   1 1 4 547 548 549 585 647 646 645 584
455   1 1 4 645 646 647 683 745 744 743 682
456   1 1 4 743 744 745 781 843 842 841 780
457   1 1 4 841 842 843 879 941 940 939 878
458   1 1 4 939 940 941 977 1039 1038 1037 976
459   1 1 4 1037 1038 1039 1075 1137 1136 1135 1074
460   1 1 4 1135 1136 1137 1173 1235 1234 1233 1172
461   1 1 4 1233 1234 1235 1271 1333 1332 1331 1270
462   1 1 4 1331 1332 1333 1369 1431 1430 1429 1368
463   1 1 4 1429 1430 1431 1467 1529 1528 1527 1466
464   1 1 4 1527 1528 1529 1565 1627 1626 1625 1564
465   1 1 4 59 60 61 96 159 158 157 95
466   1 1 4 157 158 159 194 257 256 255 193
467   1 1 4 255 256 257 292 355 354 353 291
468   1 1 4 353 354 355 390 453 452 451 389
469   1 1 4 451 452 453 488 551 550 549 487
470   1 1 4 549 550 551 586 649 648 647 585
471   1 1 4 647 648 649 684 747 746 745 683
472   1 1 4 745 746 747 782 845 844 843 781
473   1 1 4 843 844 845 880 943 942 941 879
474   1 1 4 941 942 943 978 1041 1040 1039 977
475   1 1 4 1039 1040 1041 1076 1139 1138 1137 1075
476   1 1 4 1137 1138 1139 1174 1237 1236 1235 1173
477   1 1 4 1235 1236 1237 1272 1335 1334 1333 1271
478   1 1 4 1333 1334 1335 1370 1433 1432 1431 1369
479   1 1 4 1431 1432 1433 1468 1531 1530 1529 1467
480   1 1 4 1529 1530 1531 1566 1629 1628 1627 1565
481   1 1 4 61 62 63 97 161 160 159 96
482   1 1 4 159 160 161 195 259 258 257 194
483   1 1 4 257 258 259 293 357 356 355 292
484   1 1 4 355 356 357 391 455 454 453 390
485   1 1 4 453 454 455 489 553 552 551 488
486   1 1 4 551 552 553 587 651 650 649 586
487   1 1 4 649 650 651 685 749 748 747 684
488   1 1 4 747 748 749 783 847 846 845 782
489   1 1 4 845 846 847 881 945 944 943 880
490   1 1 4 943 944 945 979 1043 1042 1041 978
491   1 1 4 1041 1042 1043 1077 1141 1140 1139 1076
492   1 1 4 1139 1140 1141 1175 1239 1238 1237 1174
493   1 1 4 1237 1238 1239 1273 1337 1336 1335 1272
494   1 1 4 1335 1336 1337 1371 1435 1434 1433 1370
495   1 1 4 1433 1434 1435 1469 1533 1532 1531 1468
496   1 1 4 1531 1532 1533 1567 1631 1630 1629 1566
497   1 1 4 63 64 65 98 163 162 161 97
498   1 1 4 161 162 163 196 261 260 259 195
499   1 1 4 259 260 261 294 359 358 357 293
500   1 1 4 357 358 359 392 457 456 455 391
501   1 1 4 455 456 457 490 555 554 553 489
502   1 1 4 553 554 555 588 653 652 651 587
503   1 1 4 651 652 653 686 751 750 749 685
504   1 1 4 749 750 751 784 849 848 847 783
505   1 1 4 847 848 849 882 947 946 945 881
506   1 1 4 945 946 947 980 1045 1044 1043 979
507   1 1 4 1043 1044 1045 1078 1143 1142 1141 1077
508   1 1 4 1141 1142 1143 1176 1241 1240 1239 1175
509   1 1 4 1239 1240 1241 1274 1339 1338 1337 1273
510   1 1 4 1337 1338 1339 1372 1437 1436 1435 1371
511   1 1 4 1435 1436 1437 1470 1535 1534 1533 1469
512   1 1 4 1533 1534 1535 1568 1633 1632 1631 1567

%LOAD
1
1	'Load_Case_1'

%LOAD.CASE
1

%LOAD.CASE.LINE.FORCE.UNIFORM
32
497	65	63	0	1.000000	1.000000	0.000000
481	63	61	0	1.000000	1.000000	0.000000
465	61	59	0	1.000000	1.000000	0.000000
449	59	57	0	1.000000	1.000000	0.000000
433	57	55	0	1.000000	1.000000	0.000000
417	55	53	0	1.000000	1.000000	0.000000
401	53	51	0	1.000000	1.000000	0.000000
385	51	49	0	1.000000	1.000000	0.000000
369	49	47	0	1.000000	1.000000	0.000000
353	47	45	0	1.000000	1.000000	0.000000
337	45	43	0	1.000000	1.000000	0.000000
321	43	41	0	1.000000	1.000000	0.000000
305	41	39	0	1.000000	1.000000	0.000000
289	39	37	0	1.000000	1.000000	0.000000
273	37	35	0	1.000000	1.000000	0.000000
257	35	33	0	1.000000	1.000000	0.000000
241	33	31	0	1.000000	1.000000	0.000000
225	31	29	0	1.000000	1.000000	0.000000
209	29	27	0	1.000000	1.000000	0.000000
193	27	25	0	1.000000	1.000000	0.000000
177	25	23	0	1.000000	1.000000	0.000000
161	23	21	0	1.000000	1.000000	0.000000
145	21	19	0	1.000000	1.000000	0.000000
129	19	17	0	1.000000	1.000000	0.000000
113	17	15	0	1.000000	1.000000	0.000000
97	15	13	0	1.000000	1.000000	0.000000
81	13	11	0	1.000000	1.000000	0.000000
65	11	9	0	1.000000	1.000000	0.000000
49	9	7	0	1.000000	1.000000	0.000000
33	7	5	0	1.000000	1.000000	0.000000
17	5	3	0	1.000000	1.000000	0.000000
1	3	1	0	1.000000	1.000000	0.000000

%END