%HEADER
Output file created by FEMEP (version April/2023).
'File created by FEMEP program'

%HEADER.ANALYSIS
'plane_stress ISOGEOMETRIC'

%NODE
612

%NODE.COORD
612
1   -1.000000 0.000000 0.000000
2   -1.000000 0.022301 0.000000
3   -0.997994 0.067252 0.000000
4   -0.993882 0.112835 0.000000
5   -0.987570 0.158916 0.000000
6   -0.978978 0.205350 0.000000
7   -0.968033 0.251978 0.000000
8   -0.954681 0.298631 0.000000
9   -0.938879 0.345132 0.000000
10   -0.920604 0.391295 0.000000
11   -0.899849 0.436928 0.000000
12   -0.876628 0.481838 0.000000
13   -0.850974 0.525828 0.000000
14   -0.822942 0.568705 0.000000
15   -0.792605 0.610280 0.000000
16   -0.760058 0.650370 0.000000
17   -0.725413 0.688801 0.000000
18   -0.688801 0.725413 0.000000
19   -0.650370 0.760058 0.000000
20   -0.610280 0.792605 0.000000
21   -0.568705 0.822942 0.000000
22   -0.525828 0.850974 0.000000
23   -0.481838 0.876628 0.000000
24   -0.436928 0.899849 0.000000
25   -0.391295 0.920604 0.000000
26   -0.345132 0.938879 0.000000
27   -0.298631 0.954681 0.000000
28   -0.251978 0.968033 0.000000
29   -0.205350 0.978978 0.000000
30   -0.158916 0.987570 0.000000
31   -0.112835 0.993882 0.000000
32   -0.067252 0.997994 0.000000
33   -0.022301 1.000000 0.000000
34   0.000000 1.000000 0.000000
35   -1.093750 0.000000 0.000000
36   -1.094561 0.023850 0.000000
37   -1.093806 0.072016 0.000000
38   -1.090569 0.120936 0.000000
39   -1.084745 0.170478 0.000000
40   -1.076237 0.220501 0.000000
41   -1.064962 0.270849 0.000000
42   -1.050853 0.321358 0.000000
43   -1.033859 0.371852 0.000000
44   -1.013947 0.422150 0.000000
45   -0.991106 0.472063 0.000000
46   -0.965343 0.521398 0.000000
47   -0.936689 0.569961 0.000000
48   -0.905197 0.617557 0.000000
49   -0.870941 0.663995 0.000000
50   -0.834018 0.709090 0.000000
51   -0.794546 0.752663 0.000000
52   -0.752663 0.794546 0.000000
53   -0.709090 0.834018 0.000000
54   -0.663995 0.870941 0.000000
55   -0.617557 0.905197 0.000000
56   -0.569961 0.936689 0.000000
57   -0.521398 0.965343 0.000000
58   -0.472063 0.991106 0.000000
59   -0.422150 1.013947 0.000000
60   -0.371852 1.033859 0.000000
61   -0.321358 1.050853 0.000000
62   -0.270849 1.064962 0.000000
63   -0.220501 1.076237 0.000000
64   -0.170478 1.084745 0.000000
65   -0.120936 1.090569 0.000000
66   -0.072016 1.093806 0.000000
67   -0.023850 1.094561 0.000000
68   0.000000 1.093750 0.000000
69   -1.281250 0.000000 0.000000
70   -1.283378 0.028349 0.000000
71   -1.284617 0.085515 0.000000
72   -1.282737 0.143443 0.000000
73   -1.277615 0.201993 0.000000
74   -1.269140 0.261015 0.000000
75   -1.257216 0.320348 0.000000
76   -1.241764 0.379820 0.000000
77   -1.222722 0.439253 0.000000
78   -1.200050 0.498461 0.000000
79   -1.173727 0.557253 0.000000
80   -1.143755 0.615435 0.000000
81   -1.110161 0.672810 0.000000
82   -1.072994 0.729184 0.000000
83   -1.032326 0.784364 0.000000
84   -0.988255 0.838162 0.000000
85   -0.940898 0.890398 0.000000
86   -0.890398 0.940898 0.000000
87   -0.838162 0.988255 0.000000
88   -0.784364 1.032326 0.000000
89   -0.729184 1.072994 0.000000
90   -0.672810 1.110161 0.000000
91   -0.615435 1.143755 0.000000
92   -0.557253 1.173727 0.000000
93   -0.498461 1.200050 0.000000
94   -0.439253 1.222722 0.000000
95   -0.379820 1.241764 0.000000
96   -0.320348 1.257216 0.000000
97   -0.261015 1.269140 0.000000
98   -0.201993 1.277615 0.000000
99   -0.143443 1.282737 0.000000
100   -0.085515 1.284617 0.000000
101   -0.028349 1.283378 0.000000
102   0.000000 1.281250 0.000000
103   -1.468750 0.000000 0.000000
104   -1.471820 0.034243 0.000000
105   -1.474421 0.102938 0.000000
106   -1.473384 0.172137 0.000000
107   -1.468581 0.241681 0.000000
108   -1.459899 0.311404 0.000000
109   -1.447241 0.381130 0.000000
110   -1.430524 0.450677 0.000000
111   -1.409686 0.519856 0.000000
112   -1.384683 0.588475 0.000000
113   -1.355494 0.656339 0.000000
114   -1.322118 0.723251 0.000000
115   -1.284577 0.789015 0.000000
116   -1.242917 0.853437 0.000000
117   -1.197205 0.916328 0.000000
118   -1.147534 0.977504 0.000000
119   -1.094017 1.036789 0.000000
120   -1.036789 1.094017 0.000000
121   -0.977504 1.147534 0.000000
122   -0.916328 1.197205 0.000000
123   -0.853437 1.242917 0.000000
124   -0.789015 1.284577 0.000000
125   -0.723251 1.322118 0.000000
126   -0.656339 1.355494 0.000000
127   -0.588475 1.384683 0.000000
128   -0.519856 1.409686 0.000000
129   -0.450677 1.430524 0.000000
130   -0.381130 1.447241 0.000000
131   -0.311404 1.459899 0.000000
132   -0.241681 1.468581 0.000000
133   -0.172137 1.473384 0.000000
134   -0.102938 1.474421 0.000000
135   -0.034243 1.471820 0.000000
136   0.000000 1.468750 0.000000
137   -1.656250 0.000000 0.000000
138   -1.659931 0.041529 0.000000
139   -1.663347 0.124263 0.000000
140   -1.662726 0.206960 0.000000
141   -1.657946 0.289439 0.000000
142   -1.648899 0.371515 0.000000
143   -1.635493 0.452995 0.000000
144   -1.617651 0.533685 0.000000
145   -1.595313 0.613385 0.000000
146   -1.568440 0.691898 0.000000
147   -1.537009 0.769024 0.000000
148   -1.501020 0.844566 0.000000
149   -1.460492 0.918330 0.000000
150   -1.415466 0.990127 0.000000
151   -1.366003 1.059775 0.000000
152   -1.312188 1.127098 0.000000
153   -1.254124 1.191933 0.000000
154   -1.191933 1.254124 0.000000
155   -1.127098 1.312188 0.000000
156   -1.059775 1.366003 0.000000
157   -0.990127 1.415466 0.000000
158   -0.918330 1.460492 0.000000
159   -0.844566 1.501020 0.000000
160   -0.769024 1.537009 0.000000
161   -0.691898 1.568440 0.000000
162   -0.613385 1.595313 0.000000
163   -0.533685 1.617651 0.000000
164   -0.452995 1.635493 0.000000
165   -0.371515 1.648899 0.000000
166   -0.289439 1.657946 0.000000
167   -0.206960 1.662726 0.000000
168   -0.124263 1.663347 0.000000
169   -0.041529 1.659931 0.000000
170   0.000000 1.656250 0.000000
171   -1.843750 0.000000 0.000000
172   -1.847751 0.050205 0.000000
173   -1.851520 0.149470 0.000000
174   -1.850972 0.247865 0.000000
175   -1.845999 0.345187 0.000000
176   -1.836504 0.441232 0.000000
177   -1.822404 0.535795 0.000000
178   -1.803632 0.628669 0.000000
179   -1.780134 0.719647 0.000000
180   -1.751875 0.808529 0.000000
181   -1.718837 0.895113 0.000000
182   -1.681019 0.979205 0.000000
183   -1.638437 1.060616 0.000000
184   -1.591129 1.139166 0.000000
185   -1.539147 1.214684 0.000000
186   -1.482566 1.287006 0.000000
187   -1.421475 1.355982 0.000000
188   -1.355982 1.421475 0.000000
189   -1.287006 1.482566 0.000000
190   -1.214684 1.539147 0.000000
191   -1.139166 1.591129 0.000000
192   -1.060616 1.638437 0.000000
193   -0.979205 1.681019 0.000000
194   -0.895113 1.718837 0.000000
195   -0.808529 1.751875 0.000000
196   -0.719647 1.780134 0.000000
197   -0.628669 1.803632 0.000000
198   -0.535795 1.822404 0.000000
199   -0.441232 1.836504 0.000000
200   -0.345187 1.845999 0.000000
201   -0.247865 1.850972 0.000000
202   -0.149470 1.851520 0.000000
203   -0.050205 1.847751 0.000000
204   0.000000 1.843750 0.000000
205   -2.031250 0.000000 0.000000
206   -2.035322 0.060269 0.000000
207   -2.039062 0.178547 0.000000
208   -2.038326 0.294821 0.000000
209   -2.033022 0.408871 0.000000
210   -2.023065 0.520479 0.000000
211   -2.008387 0.629432 0.000000
212   -1.988930 0.735515 0.000000
213   -1.964650 0.838522 0.000000
214   -1.935517 0.938248 0.000000
215   -1.901517 1.034499 0.000000
216   -1.862650 1.127086 0.000000
217   -1.818930 1.215828 0.000000
218   -1.770387 1.300558 0.000000
219   -1.717069 1.381117 0.000000
220   -1.659036 1.457357 0.000000
221   -1.596365 1.529147 0.000000
222   -1.529147 1.596365 0.000000
223   -1.457357 1.659036 0.000000
224   -1.381117 1.717069 0.000000
225   -1.300558 1.770387 0.000000
226   -1.215828 1.818930 0.000000
227   -1.127086 1.862650 0.000000
228   -1.034499 1.901517 0.000000
229   -0.938248 1.935517 0.000000
230   -0.838522 1.964650 0.000000
231   -0.735515 1.988930 0.000000
232   -0.629432 2.008387 0.000000
233   -0.520479 2.023065 0.000000
234   -0.408871 2.033022 0.000000
235   -0.294821 2.038326 0.000000
236   -0.178547 2.039062 0.000000
237   -0.060269 2.035322 0.000000
238   0.000000 2.031250 0.000000
239   -2.218750 0.000000 0.000000
240   -2.222684 0.071720 0.000000
241   -2.226095 0.211486 0.000000
242   -2.224987 0.347807 0.000000
243   -2.219285 0.480457 0.000000
244   -2.208920 0.609212 0.000000
245   -2.193837 0.733854 0.000000
246   -2.173990 0.854171 0.000000
247   -2.149343 0.969958 0.000000
248   -2.119874 1.081018 0.000000
249   -2.085570 1.187163 0.000000
250   -2.046433 1.288216 0.000000
251   -2.002475 1.384010 0.000000
252   -1.953722 1.474390 0.000000
253   -1.900211 1.559214 0.000000
254   -1.841992 1.638352 0.000000
255   -1.779127 1.711690 0.000000
256   -1.711690 1.779127 0.000000
257   -1.638352 1.841992 0.000000
258   -1.559214 1.900211 0.000000
259   -1.474390 1.953722 0.000000
260   -1.384010 2.002475 0.000000
261   -1.288216 2.046433 0.000000
262   -1.187163 2.085570 0.000000
263   -1.081018 2.119874 0.000000
264   -0.969958 2.149343 0.000000
265   -0.854171 2.173990 0.000000
266   -0.733854 2.193837 0.000000
267   -0.609212 2.208920 0.000000
268   -0.480457 2.219285 0.000000
269   -0.347807 2.224987 0.000000
270   -0.211486 2.226095 0.000000
271   -0.071720 2.222684 0.000000
272   0.000000 2.218750 0.000000
273   -2.406250 0.000000 0.000000
274   -2.409879 0.084557 0.000000
275   -2.412738 0.248282 0.000000
276   -2.411149 0.406817 0.000000
277   -2.405052 0.559936 0.000000
278   -2.394396 0.707420 0.000000
279   -2.379137 0.849054 0.000000
280   -2.359239 0.984636 0.000000
281   -2.334678 1.113970 0.000000
282   -2.305434 1.236870 0.000000
283   -2.271501 1.353163 0.000000
284   -2.232878 1.462686 0.000000
285   -2.189578 1.565287 0.000000
286   -2.141619 1.660830 0.000000
287   -2.089031 1.749190 0.000000
288   -2.031853 1.830255 0.000000
289   -1.970134 1.903930 0.000000
290   -1.903930 1.970134 0.000000
291   -1.830255 2.031853 0.000000
292   -1.749190 2.089031 0.000000
293   -1.660830 2.141619 0.000000
294   -1.565287 2.189578 0.000000
295   -1.462686 2.232878 0.000000
296   -1.353163 2.271501 0.000000
297   -1.236870 2.305434 0.000000
298   -1.113970 2.334678 0.000000
299   -0.984636 2.359239 0.000000
300   -0.849054 2.379137 0.000000
301   -0.707420 2.394396 0.000000
302   -0.559936 2.405052 0.000000
303   -0.406817 2.411149 0.000000
304   -0.248282 2.412738 0.000000
305   -0.084557 2.409879 0.000000
306   0.000000 2.406250 0.000000
307   -2.593750 0.000000 0.000000
308   -2.596947 0.098782 0.000000
309   -2.599110 0.288937 0.000000
310   -2.597003 0.471855 0.000000
311   -2.590583 0.647320 0.000000
312   -2.579812 0.815124 0.000000
313   -2.564658 0.975069 0.000000
314   -2.545097 1.126966 0.000000
315   -2.521108 1.270636 0.000000
316   -2.492680 1.405911 0.000000
317   -2.459808 1.532635 0.000000
318   -2.422493 1.650665 0.000000
319   -2.380743 1.759868 0.000000
320   -2.334572 1.860125 0.000000
321   -2.284005 1.951332 0.000000
322   -2.229068 2.033396 0.000000
323   -2.169799 2.106239 0.000000
324   -2.106239 2.169799 0.000000
325   -2.033396 2.229068 0.000000
326   -1.951332 2.284005 0.000000
327   -1.860125 2.334572 0.000000
328   -1.759868 2.380743 0.000000
329   -1.650665 2.422493 0.000000
330   -1.532635 2.459808 0.000000
331   -1.405911 2.492680 0.000000
332   -1.270636 2.521108 0.000000
333   -1.126966 2.545097 0.000000
334   -0.975069 2.564658 0.000000
335   -0.815124 2.579812 0.000000
336   -0.647320 2.590583 0.000000
337   -0.471855 2.597003 0.000000
338   -0.288937 2.599110 0.000000
339   -0.098782 2.596947 0.000000
340   0.000000 2.593750 0.000000
341   -2.781250 0.000000 0.000000
342   -2.783929 0.114393 0.000000
343   -2.785326 0.333457 0.000000
344   -2.782737 0.542938 0.000000
345   -2.776130 0.742641 0.000000
346   -2.765480 0.932380 0.000000
347   -2.750766 1.111977 0.000000
348   -2.731970 1.281268 0.000000
349   -2.709079 1.440095 0.000000
350   -2.682087 1.588314 0.000000
351   -2.650988 1.725789 0.000000
352   -2.615785 1.852400 0.000000
353   -2.576483 1.968036 0.000000
354   -2.533094 2.072597 0.000000
355   -2.485633 2.166000 0.000000
356   -2.434120 2.248169 0.000000
357   -2.378581 2.319045 0.000000
358   -2.319045 2.378581 0.000000
359   -2.248169 2.434120 0.000000
360   -2.166000 2.485633 0.000000
361   -2.072597 2.533094 0.000000
362   -1.968036 2.576483 0.000000
363   -1.852400 2.615785 0.000000
364   -1.725789 2.650988 0.000000
365   -1.588314 2.682087 0.000000
366   -1.440095 2.709079 0.000000
367   -1.281268 2.731970 0.000000
368   -1.111977 2.750766 0.000000
369   -0.932380 2.765480 0.000000
370   -0.742641 2.776130 0.000000
371   -0.542938 2.782737 0.000000
372   -0.333457 2.785326 0.000000
373   -0.114393 2.783929 0.000000
374   0.000000 2.781250 0.000000
375   -2.968750 0.000000 0.000000
376   -2.970864 0.131393 0.000000
377   -2.971503 0.381852 0.000000
378   -2.968536 0.620094 0.000000
379   -2.961944 0.845952 0.000000
380   -2.951710 1.059270 0.000000
381   -2.937820 1.259899 0.000000
382   -2.920265 1.447701 0.000000
383   -2.899035 1.622547 0.000000
384   -2.874127 1.784320 0.000000
385   -2.845538 1.932909 0.000000
386   -2.813269 2.068217 0.000000
387   -2.777326 2.190155 0.000000
388   -2.737714 2.298647 0.000000
389   -2.694444 2.393626 0.000000
390   -2.647530 2.475037 0.000000
391   -2.596987 2.542835 0.000000
392   -2.542835 2.596987 0.000000
393   -2.475037 2.647530 0.000000
394   -2.393626 2.694444 0.000000
395   -2.298647 2.737714 0.000000
396   -2.190155 2.777326 0.000000
397   -2.068217 2.813269 0.000000
398   -1.932909 2.845538 0.000000
399   -1.784320 2.874127 0.000000
400   -1.622547 2.899035 0.000000
401   -1.447701 2.920265 0.000000
402   -1.259899 2.937820 0.000000
403   -1.059270 2.951710 0.000000
404   -0.845952 2.961944 0.000000
405   -0.620094 2.968536 0.000000
406   -0.381852 2.971503 0.000000
407   -0.131393 2.970864 0.000000
408   0.000000 2.968750 0.000000
409   -3.156250 0.000000 0.000000
410   -3.157793 0.149783 0.000000
411   -3.157756 0.434139 0.000000
412   -3.154587 0.703365 0.000000
413   -3.148273 0.957329 0.000000
414   -3.138806 1.195910 0.000000
415   -3.126178 1.418994 0.000000
416   -3.110383 1.626474 0.000000
417   -3.091417 1.818252 0.000000
418   -3.069277 1.994238 0.000000
419   -3.043963 2.154351 0.000000
420   -3.015474 2.298516 0.000000
421   -2.983815 2.426669 0.000000
422   -2.948988 2.538753 0.000000
423   -2.911000 2.634720 0.000000
424   -2.869859 2.714531 0.000000
425   -2.825574 2.778157 0.000000
426   -2.778157 2.825574 0.000000
427   -2.714531 2.869859 0.000000
428   -2.634720 2.911000 0.000000
429   -2.538753 2.948988 0.000000
430   -2.426669 2.983815 0.000000
431   -2.298516 3.015474 0.000000
432   -2.154351 3.043963 0.000000
433   -1.994238 3.069277 0.000000
434   -1.818252 3.091417 0.000000
435   -1.626474 3.110383 0.000000
436   -1.418994 3.126178 0.000000
437   -1.195910 3.138806 0.000000
438   -0.957329 3.148273 0.000000
439   -0.703365 3.154587 0.000000
440   -0.434139 3.157756 0.000000
441   -0.149783 3.157793 0.000000
442   0.000000 3.156250 0.000000
443   -3.343750 0.000000 0.000000
444   -3.344756 0.169566 0.000000
445   -3.344200 0.490338 0.000000
446   -3.341071 0.792802 0.000000
447   -3.335364 1.076866 0.000000
448   -3.327074 1.342447 0.000000
449   -3.316197 1.589466 0.000000
450   -3.302731 1.817849 0.000000
451   -3.286673 2.027531 0.000000
452   -3.268023 2.218449 0.000000
453   -3.246780 2.390548 0.000000
454   -3.222944 2.543779 0.000000
455   -3.196518 2.678100 0.000000
456   -3.167502 2.793473 0.000000
457   -3.135901 2.889867 0.000000
458   -3.101717 2.967257 0.000000
459   -3.064957 3.025624 0.000000
460   -3.025624 3.064957 0.000000
461   -2.967257 3.101717 0.000000
462   -2.889867 3.135901 0.000000
463   -2.793473 3.167502 0.000000
464   -2.678100 3.196518 0.000000
465   -2.543779 3.222944 0.000000
466   -2.390548 3.246780 0.000000
467   -2.218449 3.268023 0.000000
468   -2.027531 3.286673 0.000000
469   -1.817849 3.302731 0.000000
470   -1.589466 3.316197 0.000000
471   -1.342447 3.327074 0.000000
472   -1.076866 3.335364 0.000000
473   -0.792802 3.341071 0.000000
474   -0.490338 3.344200 0.000000
475   -0.169566 3.344756 0.000000
476   0.000000 3.343750 0.000000
477   -3.531250 0.000000 0.000000
478   -3.531793 0.190744 0.000000
479   -3.530949 0.550473 0.000000
480   -3.528174 0.888470 0.000000
481   -3.523464 1.204681 0.000000
482   -3.516819 1.499060 0.000000
483   -3.508236 1.771560 0.000000
484   -3.497716 2.022142 0.000000
485   -3.485257 2.250766 0.000000
486   -3.470859 2.457399 0.000000
487   -3.454522 2.642010 0.000000
488   -3.436246 2.804571 0.000000
489   -3.416031 2.945058 0.000000
490   -3.393879 3.063452 0.000000
491   -3.369790 3.159736 0.000000
492   -3.343767 3.233895 0.000000
493   -3.315810 3.285922 0.000000
494   -3.285922 3.315810 0.000000
495   -3.233895 3.343767 0.000000
496   -3.159736 3.369790 0.000000
497   -3.063452 3.393879 0.000000
498   -2.945058 3.416031 0.000000
499   -2.804571 3.436246 0.000000
500   -2.642010 3.454522 0.000000
501   -2.457399 3.470859 0.000000
502   -2.250766 3.485257 0.000000
503   -2.022142 3.497716 0.000000
504   -1.771560 3.508236 0.000000
505   -1.499060 3.516819 0.000000
506   -1.204681 3.523464 0.000000
507   -0.888470 3.528174 0.000000
508   -0.550473 3.530949 0.000000
509   -0.190744 3.531793 0.000000
510   0.000000 3.531250 0.000000
511   -3.718750 0.000000 0.000000
512   -3.718944 0.213323 0.000000
513   -3.718119 0.614575 0.000000
514   -3.716078 0.990445 0.000000
515   -3.712821 1.340912 0.000000
516   -3.708349 1.665957 0.000000
517   -3.702661 1.965565 0.000000
518   -3.695756 2.239720 0.000000
519   -3.687635 2.488407 0.000000
520   -3.678297 2.711613 0.000000
521   -3.667743 2.909327 0.000000
522   -3.655972 3.081540 0.000000
523   -3.642985 3.228241 0.000000
524   -3.628782 3.349425 0.000000
525   -3.613363 3.445084 0.000000
526   -3.596728 3.515215 0.000000
527   -3.578878 3.559813 0.000000
528   -3.559813 3.578878 0.000000
529   -3.515215 3.596728 0.000000
530   -3.445084 3.613363 0.000000
531   -3.349425 3.628782 0.000000
532   -3.228241 3.642985 0.000000
533   -3.081540 3.655972 0.000000
534   -2.909327 3.667743 0.000000
535   -2.711613 3.678297 0.000000
536   -2.488407 3.687635 0.000000
537   -2.239720 3.695756 0.000000
538   -1.965565 3.702661 0.000000
539   -1.665957 3.708349 0.000000
540   -1.340912 3.712821 0.000000
541   -0.990445 3.716078 0.000000
542   -0.614575 3.718119 0.000000
543   -0.213323 3.718944 0.000000
544   0.000000 3.718750 0.000000
545   -3.906250 0.000000 0.000000
546   -3.906250 0.237305 0.000000
547   -3.905823 0.682678 0.000000
548   -3.904968 1.098816 0.000000
549   -3.903687 1.485718 0.000000
550   -3.901978 1.843384 0.000000
551   -3.899841 2.171814 0.000000
552   -3.897278 2.471008 0.000000
553   -3.894287 2.740967 0.000000
554   -3.890869 2.981689 0.000000
555   -3.887024 3.193176 0.000000
556   -3.882751 3.375427 0.000000
557   -3.878052 3.528442 0.000000
558   -3.872925 3.652222 0.000000
559   -3.867371 3.746765 0.000000
560   -3.861389 3.812073 0.000000
561   -3.854980 3.848145 0.000000
562   -3.848145 3.854980 0.000000
563   -3.812073 3.861389 0.000000
564   -3.746765 3.867371 0.000000
565   -3.652222 3.872925 0.000000
566   -3.528442 3.878052 0.000000
567   -3.375427 3.882751 0.000000
568   -3.193176 3.887024 0.000000
569   -2.981689 3.890869 0.000000
570   -2.740967 3.894287 0.000000
571   -2.471008 3.897278 0.000000
572   -2.171814 3.899841 0.000000
573   -1.843384 3.901978 0.000000
574   -1.485718 3.903687 0.000000
575   -1.098816 3.904968 0.000000
576   -0.682678 3.905823 0.000000
577   -0.237305 3.906250 0.000000
578   0.000000 3.906250 0.000000
579   -4.000000 0.000000 0.000000
580   -4.000000 0.250000 0.000000
581   -4.000000 0.718750 0.000000
582   -4.000000 1.156250 0.000000
583   -4.000000 1.562500 0.000000
584   -4.000000 1.937500 0.000000
585   -4.000000 2.281250 0.000000
586   -4.000000 2.593750 0.000000
587   -4.000000 2.875000 0.000000
588   -4.000000 3.125000 0.000000
589   -4.000000 3.343750 0.000000
590   -4.000000 3.531250 0.000000
591   -4.000000 3.687500 0.000000
592   -4.000000 3.812500 0.000000
593   -4.000000 3.906250 0.000000
594   -4.000000 3.968750 0.000000
595   -4.000000 4.000000 0.000000
596   -4.000000 4.000000 0.000000
597   -3.968750 4.000000 0.000000
598   -3.906250 4.000000 0.000000
599   -3.812500 4.000000 0.000000
600   -3.687500 4.000000 0.000000
601   -3.531250 4.000000 0.000000
602   -3.343750 4.000000 0.000000
603   -3.125000 4.000000 0.000000
604   -2.875000 4.000000 0.000000
605   -2.593750 4.000000 0.000000
606   -2.281250 4.000000 0.000000
607   -1.937500 4.000000 0.000000
608   -1.562500 4.000000 0.000000
609   -1.156250 4.000000 0.000000
610   -0.718750 4.000000 0.000000
611   -0.250000 4.000000 0.000000
612   0.000000 4.000000 0.000000

%NODE.WEIGHT
612
1   1.000000
2   0.990847
3   0.973685
4   0.957668
5   0.942794
6   0.929065
7   0.916480
8   0.905039
9   0.894741
10   0.885589
11   0.877580
12   0.870715
13   0.864995
14   0.860418
15   0.856986
16   0.854698
17   0.853553
18   0.853553
19   0.854698
20   0.856986
21   0.860418
22   0.864995
23   0.870715
24   0.877580
25   0.885589
26   0.894741
27   0.905039
28   0.916480
29   0.929065
30   0.942794
31   0.957668
32   0.973685
33   0.990847
34   1.000000
35   1.000000
36   0.991419
37   0.975330
38   0.960314
39   0.946370
40   0.933498
41   0.921700
42   0.910974
43   0.901320
44   0.892739
45   0.885231
46   0.878795
47   0.873432
48   0.869142
49   0.865924
50   0.863779
51   0.862706
52   0.862706
53   0.863779
54   0.865924
55   0.869142
56   0.873432
57   0.878795
58   0.885231
59   0.892739
60   0.901320
61   0.910974
62   0.921700
63   0.933498
64   0.946370
65   0.960314
66   0.975330
67   0.991419
68   1.000000
69   1.000000
70   0.992492
71   0.978414
72   0.965274
73   0.953073
74   0.941811
75   0.931487
76   0.922102
77   0.913655
78   0.906147
79   0.899577
80   0.893946
81   0.889253
82   0.885499
83   0.882684
84   0.880807
85   0.879868
86   0.879868
87   0.880807
88   0.882684
89   0.885499
90   0.889253
91   0.893946
92   0.899577
93   0.906147
94   0.913655
95   0.922102
96   0.931487
97   0.941811
98   0.953073
99   0.965274
100   0.978414
101   0.992492
102   1.000000
103   1.000000
104   0.993493
105   0.981292
106   0.969904
107   0.959330
108   0.949570
109   0.940622
110   0.932488
111   0.925168
112   0.918661
113   0.912967
114   0.908087
115   0.904020
116   0.900766
117   0.898326
118   0.896699
119   0.895886
120   0.895886
121   0.896699
122   0.898326
123   0.900766
124   0.904020
125   0.908087
126   0.912967
127   0.918661
128   0.925168
129   0.932488
130   0.940622
131   0.949570
132   0.959330
133   0.969904
134   0.981292
135   0.993493
136   1.000000
137   1.000000
138   0.994422
139   0.983965
140   0.974204
141   0.965140
142   0.956774
143   0.949105
144   0.942133
145   0.935858
146   0.930281
147   0.925400
148   0.921217
149   0.917731
150   0.914942
151   0.912851
152   0.911456
153   0.910759
154   0.910759
155   0.911456
156   0.912851
157   0.914942
158   0.917731
159   0.921217
160   0.925400
161   0.930281
162   0.935858
163   0.942133
164   0.949105
165   0.956774
166   0.965140
167   0.974204
168   0.983965
169   0.994422
170   1.000000
171   1.000000
172   0.995281
173   0.986432
174   0.978172
175   0.970503
176   0.963424
177   0.956935
178   0.951035
179   0.945726
180   0.941007
181   0.936877
182   0.933337
183   0.930388
184   0.928028
185   0.926258
186   0.925078
187   0.924488
188   0.924488
189   0.925078
190   0.926258
191   0.928028
192   0.930388
193   0.933337
194   0.936877
195   0.941007
196   0.945726
197   0.951035
198   0.956935
199   0.963424
200   0.970503
201   0.978172
202   0.986432
203   0.995281
204   1.000000
205   1.000000
206   0.996067
207   0.988693
208   0.981810
209   0.975419
210   0.969520
211   0.964112
212   0.959196
213   0.954772
214   0.950839
215   0.947398
216   0.944448
217   0.941990
218   0.940023
219   0.938549
220   0.937565
221   0.937074
222   0.937074
223   0.937565
224   0.938549
225   0.940023
226   0.941990
227   0.944448
228   0.947398
229   0.950839
230   0.954772
231   0.959196
232   0.964112
233   0.969520
234   0.975419
235   0.981810
236   0.988693
237   0.996067
238   1.000000
239   1.000000
240   0.996782
241   0.990749
242   0.985118
243   0.979889
244   0.975062
245   0.970637
246   0.966615
247   0.962995
248   0.959777
249   0.956962
250   0.954548
251   0.952537
252   0.950928
253   0.949722
254   0.948917
255   0.948515
256   0.948515
257   0.948917
258   0.949722
259   0.950928
260   0.952537
261   0.954548
262   0.956962
263   0.959777
264   0.962995
265   0.966615
266   0.970637
267   0.975062
268   0.979889
269   0.985118
270   0.990749
271   0.996782
272   1.000000
273   1.000000
274   0.997426
275   0.992599
276   0.988094
277   0.983911
278   0.980050
279   0.976510
280   0.973292
281   0.970396
282   0.967822
283   0.965569
284   0.963639
285   0.962030
286   0.960743
287   0.959777
288   0.959134
289   0.958812
290   0.958812
291   0.959134
292   0.959777
293   0.960743
294   0.962030
295   0.963639
296   0.965569
297   0.967822
298   0.970396
299   0.973292
300   0.976510
301   0.980050
302   0.983911
303   0.988094
304   0.992599
305   0.997426
306   1.000000
307   1.000000
308   0.997998
309   0.994244
310   0.990740
311   0.987486
312   0.984483
313   0.981730
314   0.979227
315   0.976975
316   0.974973
317   0.973221
318   0.971719
319   0.970468
320   0.969466
321   0.968716
322   0.968215
323   0.967965
324   0.967965
325   0.968215
326   0.968716
327   0.969466
328   0.970468
329   0.971719
330   0.973221
331   0.974973
332   0.976975
333   0.979227
334   0.981730
335   0.984483
336   0.987486
337   0.990740
338   0.994244
339   0.997998
340   1.000000
341   1.000000
342   0.998498
343   0.995683
344   0.993055
345   0.990615
346   0.988362
347   0.986297
348   0.984420
349   0.982731
350   0.981229
351   0.979915
352   0.978789
353   0.977851
354   0.977100
355   0.976537
356   0.976161
357   0.975974
358   0.975974
359   0.976161
360   0.976537
361   0.977100
362   0.977851
363   0.978789
364   0.979915
365   0.981229
366   0.982731
367   0.984420
368   0.986297
369   0.988362
370   0.990615
371   0.993055
372   0.995683
373   0.998498
374   1.000000
375   1.000000
376   0.998927
377   0.996916
378   0.995039
379   0.993296
380   0.991687
381   0.990212
382   0.988872
383   0.987665
384   0.986592
385   0.985654
386   0.984849
387   0.984179
388   0.983643
389   0.983241
390   0.982972
391   0.982838
392   0.982838
393   0.982972
394   0.983241
395   0.983643
396   0.984179
397   0.984849
398   0.985654
399   0.986592
400   0.987665
401   0.988872
402   0.990212
403   0.991687
404   0.993296
405   0.995039
406   0.996916
407   0.998927
408   1.000000
409   1.000000
410   0.999285
411   0.997944
412   0.996693
413   0.995531
414   0.994458
415   0.993475
416   0.992581
417   0.991777
418   0.991062
419   0.990436
420   0.989900
421   0.989453
422   0.989095
423   0.988827
424   0.988648
425   0.988559
426   0.988559
427   0.988648
428   0.988827
429   0.989095
430   0.989453
431   0.989900
432   0.990436
433   0.991062
434   0.991777
435   0.992581
436   0.993475
437   0.994458
438   0.995531
439   0.996693
440   0.997944
441   0.999285
442   1.000000
443   1.000000
444   0.999571
445   0.998767
446   0.998016
447   0.997318
448   0.996675
449   0.996085
450   0.995549
451   0.995066
452   0.994637
453   0.994262
454   0.993940
455   0.993672
456   0.993457
457   0.993296
458   0.993189
459   0.993135
460   0.993135
461   0.993189
462   0.993296
463   0.993457
464   0.993672
465   0.993940
466   0.994262
467   0.994637
468   0.995066
469   0.995549
470   0.996085
471   0.996675
472   0.997318
473   0.998016
474   0.998767
475   0.999571
476   1.000000
477   1.000000
478   0.999785
479   0.999383
480   0.999008
481   0.998659
482   0.998337
483   0.998042
484   0.997774
485   0.997533
486   0.997318
487   0.997131
488   0.996970
489   0.996836
490   0.996729
491   0.996648
492   0.996594
493   0.996568
494   0.996568
495   0.996594
496   0.996648
497   0.996729
498   0.996836
499   0.996970
500   0.997131
501   0.997318
502   0.997533
503   0.997774
504   0.998042
505   0.998337
506   0.998659
507   0.999008
508   0.999383
509   0.999785
510   1.000000
511   1.000000
512   0.999928
513   0.999794
514   0.999669
515   0.999553
516   0.999446
517   0.999347
518   0.999258
519   0.999178
520   0.999106
521   0.999044
522   0.998990
523   0.998945
524   0.998910
525   0.998883
526   0.998865
527   0.998856
528   0.998856
529   0.998865
530   0.998883
531   0.998910
532   0.998945
533   0.998990
534   0.999044
535   0.999106
536   0.999178
537   0.999258
538   0.999347
539   0.999446
540   0.999553
541   0.999669
542   0.999794
543   0.999928
544   1.000000
545   1.000000
546   1.000000
547   1.000000
548   1.000000
549   1.000000
550   1.000000
551   1.000000
552   1.000000
553   1.000000
554   1.000000
555   1.000000
556   1.000000
557   1.000000
558   1.000000
559   1.000000
560   1.000000
561   1.000000
562   1.000000
563   1.000000
564   1.000000
565   1.000000
566   1.000000
567   1.000000
568   1.000000
569   1.000000
570   1.000000
571   1.000000
572   1.000000
573   1.000000
574   1.000000
575   1.000000
576   1.000000
577   1.000000
578   1.000000
579   1.000000
580   1.000000
581   1.000000
582   1.000000
583   1.000000
584   1.000000
585   1.000000
586   1.000000
587   1.000000
588   1.000000
589   1.000000
590   1.000000
591   1.000000
592   1.000000
593   1.000000
594   1.000000
595   1.000000
596   1.000000
597   1.000000
598   1.000000
599   1.000000
600   1.000000
601   1.000000
602   1.000000
603   1.000000
604   1.000000
605   1.000000
606   1.000000
607   1.000000
608   1.000000
609   1.000000
610   1.000000
611   1.000000
612   1.000000

%NODE.SUPPORT
36
1   0 1 0 0 0 0
34   1 0 0 0 0 0
35   0 1 0 0 0 0
68   1 0 0 0 0 0
69   0 1 0 0 0 0
102   1 0 0 0 0 0
103   0 1 0 0 0 0
136   1 0 0 0 0 0
137   0 1 0 0 0 0
170   1 0 0 0 0 0
171   0 1 0 0 0 0
204   1 0 0 0 0 0
205   0 1 0 0 0 0
238   1 0 0 0 0 0
239   0 1 0 0 0 0
272   1 0 0 0 0 0
273   0 1 0 0 0 0
306   1 0 0 0 0 0
307   0 1 0 0 0 0
340   1 0 0 0 0 0
341   0 1 0 0 0 0
374   1 0 0 0 0 0
375   0 1 0 0 0 0
408   1 0 0 0 0 0
409   0 1 0 0 0 0
442   1 0 0 0 0 0
443   0 1 0 0 0 0
476   1 0 0 0 0 0
477   0 1 0 0 0 0
510   1 0 0 0 0 0
511   0 1 0 0 0 0
544   1 0 0 0 0 0
545   0 1 0 0 0 0
578   1 0 0 0 0 0
579   0 1 0 0 0 0
612   1 0 0 0 0 0

%MATERIAL
1

%MATERIAL.ISOTROPIC
1
1   100000.0 0.300000

%THICKNESS
1
1   1.000000

%INTEGRATION.ORDER
4
1 1 1 1 1 1 1
2 3 3 1 3 3 1
3 1 1 1 1 1 1
4 3 3 1 3 3 1

%SURFACE
1

%SURFACE.DEGREE
1   2 2

%SURFACE.KNOTVECTOR
1   37   0.0 0.0 0.0 0.03125 0.0625 0.09375 0.125 0.15625 0.1875 0.21875 0.25 0.28125 0.3125 0.34375 0.375 0.40625 0.4375 0.46875 0.5 0.53125 0.5625 0.59375 0.625 0.65625 0.6875 0.71875 0.75 0.78125 0.8125 0.84375 0.875 0.90625 0.9375 0.96875 1.0 1.0 1.0   21   0.0 0.0 0.0 0.0625 0.125 0.1875 0.25 0.3125 0.375 0.4375 0.5 0.5625 0.625 0.6875 0.75 0.8125 0.875 0.9375 1.0 1.0 1.0

%SURFACE.CTRLNET
1
1  2  3  4  5  6  7  8  9  10  11  12  13  14  15  16  17  18  19  20  21  22  23  24  25  26  27  28  29  30  31  32  33  34  
35  36  37  38  39  40  41  42  43  44  45  46  47  48  49  50  51  52  53  54  55  56  57  58  59  60  61  62  63  64  65  66  67  68  
69  70  71  72  73  74  75  76  77  78  79  80  81  82  83  84  85  86  87  88  89  90  91  92  93  94  95  96  97  98  99  100  101  102  
103  104  105  106  107  108  109  110  111  112  113  114  115  116  117  118  119  120  121  122  123  124  125  126  127  128  129  130  131  132  133  134  135  136  
137  138  139  140  141  142  143  144  145  146  147  148  149  150  151  152  153  154  155  156  157  158  159  160  161  162  163  164  165  166  167  168  169  170  
171  172  173  174  175  176  177  178  179  180  181  182  183  184  185  186  187  188  189  190  191  192  193  194  195  196  197  198  199  200  201  202  203  204  
205  206  207  208  209  210  211  212  213  214  215  216  217  218  219  220  221  222  223  224  225  226  227  228  229  230  231  232  233  234  235  236  237  238  
239  240  241  242  243  244  245  246  247  248  249  250  251  252  253  254  255  256  257  258  259  260  261  262  263  264  265  266  267  268  269  270  271  272  
273  274  275  276  277  278  279  280  281  282  283  284  285  286  287  288  289  290  291  292  293  294  295  296  297  298  299  300  301  302  303  304  305  306  
307  308  309  310  311  312  313  314  315  316  317  318  319  320  321  322  323  324  325  326  327  328  329  330  331  332  333  334  335  336  337  338  339  340  
341  342  343  344  345  346  347  348  349  350  351  352  353  354  355  356  357  358  359  360  361  362  363  364  365  366  367  368  369  370  371  372  373  374  
375  376  377  378  379  380  381  382  383  384  385  386  387  388  389  390  391  392  393  394  395  396  397  398  399  400  401  402  403  404  405  406  407  408  
409  410  411  412  413  414  415  416  417  418  419  420  421  422  423  424  425  426  427  428  429  430  431  432  433  434  435  436  437  438  439  440  441  442  
443  444  445  446  447  448  449  450  451  452  453  454  455  456  457  458  459  460  461  462  463  464  465  466  467  468  469  470  471  472  473  474  475  476  
477  478  479  480  481  482  483  484  485  486  487  488  489  490  491  492  493  494  495  496  497  498  499  500  501  502  503  504  505  506  507  508  509  510  
511  512  513  514  515  516  517  518  519  520  521  522  523  524  525  526  527  528  529  530  531  532  533  534  535  536  537  538  539  540  541  542  543  544  
545  546  547  548  549  550  551  552  553  554  555  556  557  558  559  560  561  562  563  564  565  566  567  568  569  570  571  572  573  574  575  576  577  578  
579  580  581  582  583  584  585  586  587  588  589  590  591  592  593  594  595  596  597  598  599  600  601  602  603  604  605  606  607  608  609  610  611  612  

%ELEMENT
512

%ELEMENT.ISOGEOMETRIC
1   512
1   1 1 4   9   1 2 3 35 36 37 69 70 71   0.0 0.03125   0.0 0.0625
2   1 1 4   9   2 3 4 36 37 38 70 71 72   0.03125 0.0625   0.0 0.0625
3   1 1 4   9   3 4 5 37 38 39 71 72 73   0.0625 0.09375   0.0 0.0625
4   1 1 4   9   4 5 6 38 39 40 72 73 74   0.09375 0.125   0.0 0.0625
5   1 1 4   9   5 6 7 39 40 41 73 74 75   0.125 0.15625   0.0 0.0625
6   1 1 4   9   6 7 8 40 41 42 74 75 76   0.15625 0.1875   0.0 0.0625
7   1 1 4   9   7 8 9 41 42 43 75 76 77   0.1875 0.21875   0.0 0.0625
8   1 1 4   9   8 9 10 42 43 44 76 77 78   0.21875 0.25   0.0 0.0625
9   1 1 4   9   9 10 11 43 44 45 77 78 79   0.25 0.28125   0.0 0.0625
10   1 1 4   9   10 11 12 44 45 46 78 79 80   0.28125 0.3125   0.0 0.0625
11   1 1 4   9   11 12 13 45 46 47 79 80 81   0.3125 0.34375   0.0 0.0625
12   1 1 4   9   12 13 14 46 47 48 80 81 82   0.34375 0.375   0.0 0.0625
13   1 1 4   9   13 14 15 47 48 49 81 82 83   0.375 0.40625   0.0 0.0625
14   1 1 4   9   14 15 16 48 49 50 82 83 84   0.40625 0.4375   0.0 0.0625
15   1 1 4   9   15 16 17 49 50 51 83 84 85   0.4375 0.46875   0.0 0.0625
16   1 1 4   9   16 17 18 50 51 52 84 85 86   0.46875 0.5   0.0 0.0625
17   1 1 4   9   17 18 19 51 52 53 85 86 87   0.5 0.53125   0.0 0.0625
18   1 1 4   9   18 19 20 52 53 54 86 87 88   0.53125 0.5625   0.0 0.0625
19   1 1 4   9   19 20 21 53 54 55 87 88 89   0.5625 0.59375   0.0 0.0625
20   1 1 4   9   20 21 22 54 55 56 88 89 90   0.59375 0.625   0.0 0.0625
21   1 1 4   9   21 22 23 55 56 57 89 90 91   0.625 0.65625   0.0 0.0625
22   1 1 4   9   22 23 24 56 57 58 90 91 92   0.65625 0.6875   0.0 0.0625
23   1 1 4   9   23 24 25 57 58 59 91 92 93   0.6875 0.71875   0.0 0.0625
24   1 1 4   9   24 25 26 58 59 60 92 93 94   0.71875 0.75   0.0 0.0625
25   1 1 4   9   25 26 27 59 60 61 93 94 95   0.75 0.78125   0.0 0.0625
26   1 1 4   9   26 27 28 60 61 62 94 95 96   0.78125 0.8125   0.0 0.0625
27   1 1 4   9   27 28 29 61 62 63 95 96 97   0.8125 0.84375   0.0 0.0625
28   1 1 4   9   28 29 30 62 63 64 96 97 98   0.84375 0.875   0.0 0.0625
29   1 1 4   9   29 30 31 63 64 65 97 98 99   0.875 0.90625   0.0 0.0625
30   1 1 4   9   30 31 32 64 65 66 98 99 100   0.90625 0.9375   0.0 0.0625
31   1 1 4   9   31 32 33 65 66 67 99 100 101   0.9375 0.96875   0.0 0.0625
32   1 1 4   9   32 33 34 66 67 68 100 101 102   0.96875 1.0   0.0 0.0625
33   1 1 4   9   35 36 37 69 70 71 103 104 105   0.0 0.03125   0.0625 0.125
34   1 1 4   9   36 37 38 70 71 72 104 105 106   0.03125 0.0625   0.0625 0.125
35   1 1 4   9   37 38 39 71 72 73 105 106 107   0.0625 0.09375   0.0625 0.125
36   1 1 4   9   38 39 40 72 73 74 106 107 108   0.09375 0.125   0.0625 0.125
37   1 1 4   9   39 40 41 73 74 75 107 108 109   0.125 0.15625   0.0625 0.125
38   1 1 4   9   40 41 42 74 75 76 108 109 110   0.15625 0.1875   0.0625 0.125
39   1 1 4   9   41 42 43 75 76 77 109 110 111   0.1875 0.21875   0.0625 0.125
40   1 1 4   9   42 43 44 76 77 78 110 111 112   0.21875 0.25   0.0625 0.125
41   1 1 4   9   43 44 45 77 78 79 111 112 113   0.25 0.28125   0.0625 0.125
42   1 1 4   9   44 45 46 78 79 80 112 113 114   0.28125 0.3125   0.0625 0.125
43   1 1 4   9   45 46 47 79 80 81 113 114 115   0.3125 0.34375   0.0625 0.125
44   1 1 4   9   46 47 48 80 81 82 114 115 116   0.34375 0.375   0.0625 0.125
45   1 1 4   9   47 48 49 81 82 83 115 116 117   0.375 0.40625   0.0625 0.125
46   1 1 4   9   48 49 50 82 83 84 116 117 118   0.40625 0.4375   0.0625 0.125
47   1 1 4   9   49 50 51 83 84 85 117 118 119   0.4375 0.46875   0.0625 0.125
48   1 1 4   9   50 51 52 84 85 86 118 119 120   0.46875 0.5   0.0625 0.125
49   1 1 4   9   51 52 53 85 86 87 119 120 121   0.5 0.53125   0.0625 0.125
50   1 1 4   9   52 53 54 86 87 88 120 121 122   0.53125 0.5625   0.0625 0.125
51   1 1 4   9   53 54 55 87 88 89 121 122 123   0.5625 0.59375   0.0625 0.125
52   1 1 4   9   54 55 56 88 89 90 122 123 124   0.59375 0.625   0.0625 0.125
53   1 1 4   9   55 56 57 89 90 91 123 124 125   0.625 0.65625   0.0625 0.125
54   1 1 4   9   56 57 58 90 91 92 124 125 126   0.65625 0.6875   0.0625 0.125
55   1 1 4   9   57 58 59 91 92 93 125 126 127   0.6875 0.71875   0.0625 0.125
56   1 1 4   9   58 59 60 92 93 94 126 127 128   0.71875 0.75   0.0625 0.125
57   1 1 4   9   59 60 61 93 94 95 127 128 129   0.75 0.78125   0.0625 0.125
58   1 1 4   9   60 61 62 94 95 96 128 129 130   0.78125 0.8125   0.0625 0.125
59   1 1 4   9   61 62 63 95 96 97 129 130 131   0.8125 0.84375   0.0625 0.125
60   1 1 4   9   62 63 64 96 97 98 130 131 132   0.84375 0.875   0.0625 0.125
61   1 1 4   9   63 64 65 97 98 99 131 132 133   0.875 0.90625   0.0625 0.125
62   1 1 4   9   64 65 66 98 99 100 132 133 134   0.90625 0.9375   0.0625 0.125
63   1 1 4   9   65 66 67 99 100 101 133 134 135   0.9375 0.96875   0.0625 0.125
64   1 1 4   9   66 67 68 100 101 102 134 135 136   0.96875 1.0   0.0625 0.125
65   1 1 4   9   69 70 71 103 104 105 137 138 139   0.0 0.03125   0.125 0.1875
66   1 1 4   9   70 71 72 104 105 106 138 139 140   0.03125 0.0625   0.125 0.1875
67   1 1 4   9   71 72 73 105 106 107 139 140 141   0.0625 0.09375   0.125 0.1875
68   1 1 4   9   72 73 74 106 107 108 140 141 142   0.09375 0.125   0.125 0.1875
69   1 1 4   9   73 74 75 107 108 109 141 142 143   0.125 0.15625   0.125 0.1875
70   1 1 4   9   74 75 76 108 109 110 142 143 144   0.15625 0.1875   0.125 0.1875
71   1 1 4   9   75 76 77 109 110 111 143 144 145   0.1875 0.21875   0.125 0.1875
72   1 1 4   9   76 77 78 110 111 112 144 145 146   0.21875 0.25   0.125 0.1875
73   1 1 4   9   77 78 79 111 112 113 145 146 147   0.25 0.28125   0.125 0.1875
74   1 1 4   9   78 79 80 112 113 114 146 147 148   0.28125 0.3125   0.125 0.1875
75   1 1 4   9   79 80 81 113 114 115 147 148 149   0.3125 0.34375   0.125 0.1875
76   1 1 4   9   80 81 82 114 115 116 148 149 150   0.34375 0.375   0.125 0.1875
77   1 1 4   9   81 82 83 115 116 117 149 150 151   0.375 0.40625   0.125 0.1875
78   1 1 4   9   82 83 84 116 117 118 150 151 152   0.40625 0.4375   0.125 0.1875
79   1 1 4   9   83 84 85 117 118 119 151 152 153   0.4375 0.46875   0.125 0.1875
80   1 1 4   9   84 85 86 118 119 120 152 153 154   0.46875 0.5   0.125 0.1875
81   1 1 4   9   85 86 87 119 120 121 153 154 155   0.5 0.53125   0.125 0.1875
82   1 1 4   9   86 87 88 120 121 122 154 155 156   0.53125 0.5625   0.125 0.1875
83   1 1 4   9   87 88 89 121 122 123 155 156 157   0.5625 0.59375   0.125 0.1875
84   1 1 4   9   88 89 90 122 123 124 156 157 158   0.59375 0.625   0.125 0.1875
85   1 1 4   9   89 90 91 123 124 125 157 158 159   0.625 0.65625   0.125 0.1875
86   1 1 4   9   90 91 92 124 125 126 158 159 160   0.65625 0.6875   0.125 0.1875
87   1 1 4   9   91 92 93 125 126 127 159 160 161   0.6875 0.71875   0.125 0.1875
88   1 1 4   9   92 93 94 126 127 128 160 161 162   0.71875 0.75   0.125 0.1875
89   1 1 4   9   93 94 95 127 128 129 161 162 163   0.75 0.78125   0.125 0.1875
90   1 1 4   9   94 95 96 128 129 130 162 163 164   0.78125 0.8125   0.125 0.1875
91   1 1 4   9   95 96 97 129 130 131 163 164 165   0.8125 0.84375   0.125 0.1875
92   1 1 4   9   96 97 98 130 131 132 164 165 166   0.84375 0.875   0.125 0.1875
93   1 1 4   9   97 98 99 131 132 133 165 166 167   0.875 0.90625   0.125 0.1875
94   1 1 4   9   98 99 100 132 133 134 166 167 168   0.90625 0.9375   0.125 0.1875
95   1 1 4   9   99 100 101 133 134 135 167 168 169   0.9375 0.96875   0.125 0.1875
96   1 1 4   9   100 101 102 134 135 136 168 169 170   0.96875 1.0   0.125 0.1875
97   1 1 4   9   103 104 105 137 138 139 171 172 173   0.0 0.03125   0.1875 0.25
98   1 1 4   9   104 105 106 138 139 140 172 173 174   0.03125 0.0625   0.1875 0.25
99   1 1 4   9   105 106 107 139 140 141 173 174 175   0.0625 0.09375   0.1875 0.25
100   1 1 4   9   106 107 108 140 141 142 174 175 176   0.09375 0.125   0.1875 0.25
101   1 1 4   9   107 108 109 141 142 143 175 176 177   0.125 0.15625   0.1875 0.25
102   1 1 4   9   108 109 110 142 143 144 176 177 178   0.15625 0.1875   0.1875 0.25
103   1 1 4   9   109 110 111 143 144 145 177 178 179   0.1875 0.21875   0.1875 0.25
104   1 1 4   9   110 111 112 144 145 146 178 179 180   0.21875 0.25   0.1875 0.25
105   1 1 4   9   111 112 113 145 146 147 179 180 181   0.25 0.28125   0.1875 0.25
106   1 1 4   9   112 113 114 146 147 148 180 181 182   0.28125 0.3125   0.1875 0.25
107   1 1 4   9   113 114 115 147 148 149 181 182 183   0.3125 0.34375   0.1875 0.25
108   1 1 4   9   114 115 116 148 149 150 182 183 184   0.34375 0.375   0.1875 0.25
109   1 1 4   9   115 116 117 149 150 151 183 184 185   0.375 0.40625   0.1875 0.25
110   1 1 4   9   116 117 118 150 151 152 184 185 186   0.40625 0.4375   0.1875 0.25
111   1 1 4   9   117 118 119 151 152 153 185 186 187   0.4375 0.46875   0.1875 0.25
112   1 1 4   9   118 119 120 152 153 154 186 187 188   0.46875 0.5   0.1875 0.25
113   1 1 4   9   119 120 121 153 154 155 187 188 189   0.5 0.53125   0.1875 0.25
114   1 1 4   9   120 121 122 154 155 156 188 189 190   0.53125 0.5625   0.1875 0.25
115   1 1 4   9   121 122 123 155 156 157 189 190 191   0.5625 0.59375   0.1875 0.25
116   1 1 4   9   122 123 124 156 157 158 190 191 192   0.59375 0.625   0.1875 0.25
117   1 1 4   9   123 124 125 157 158 159 191 192 193   0.625 0.65625   0.1875 0.25
118   1 1 4   9   124 125 126 158 159 160 192 193 194   0.65625 0.6875   0.1875 0.25
119   1 1 4   9   125 126 127 159 160 161 193 194 195   0.6875 0.71875   0.1875 0.25
120   1 1 4   9   126 127 128 160 161 162 194 195 196   0.71875 0.75   0.1875 0.25
121   1 1 4   9   127 128 129 161 162 163 195 196 197   0.75 0.78125   0.1875 0.25
122   1 1 4   9   128 129 130 162 163 164 196 197 198   0.78125 0.8125   0.1875 0.25
123   1 1 4   9   129 130 131 163 164 165 197 198 199   0.8125 0.84375   0.1875 0.25
124   1 1 4   9   130 131 132 164 165 166 198 199 200   0.84375 0.875   0.1875 0.25
125   1 1 4   9   131 132 133 165 166 167 199 200 201   0.875 0.90625   0.1875 0.25
126   1 1 4   9   132 133 134 166 167 168 200 201 202   0.90625 0.9375   0.1875 0.25
127   1 1 4   9   133 134 135 167 168 169 201 202 203   0.9375 0.96875   0.1875 0.25
128   1 1 4   9   134 135 136 168 169 170 202 203 204   0.96875 1.0   0.1875 0.25
129   1 1 4   9   137 138 139 171 172 173 205 206 207   0.0 0.03125   0.25 0.3125
130   1 1 4   9   138 139 140 172 173 174 206 207 208   0.03125 0.0625   0.25 0.3125
131   1 1 4   9   139 140 141 173 174 175 207 208 209   0.0625 0.09375   0.25 0.3125
132   1 1 4   9   140 141 142 174 175 176 208 209 210   0.09375 0.125   0.25 0.3125
133   1 1 4   9   141 142 143 175 176 177 209 210 211   0.125 0.15625   0.25 0.3125
134   1 1 4   9   142 143 144 176 177 178 210 211 212   0.15625 0.1875   0.25 0.3125
135   1 1 4   9   143 144 145 177 178 179 211 212 213   0.1875 0.21875   0.25 0.3125
136   1 1 4   9   144 145 146 178 179 180 212 213 214   0.21875 0.25   0.25 0.3125
137   1 1 4   9   145 146 147 179 180 181 213 214 215   0.25 0.28125   0.25 0.3125
138   1 1 4   9   146 147 148 180 181 182 214 215 216   0.28125 0.3125   0.25 0.3125
139   1 1 4   9   147 148 149 181 182 183 215 216 217   0.3125 0.34375   0.25 0.3125
140   1 1 4   9   148 149 150 182 183 184 216 217 218   0.34375 0.375   0.25 0.3125
141   1 1 4   9   149 150 151 183 184 185 217 218 219   0.375 0.40625   0.25 0.3125
142   1 1 4   9   150 151 152 184 185 186 218 219 220   0.40625 0.4375   0.25 0.3125
143   1 1 4   9   151 152 153 185 186 187 219 220 221   0.4375 0.46875   0.25 0.3125
144   1 1 4   9   152 153 154 186 187 188 220 221 222   0.46875 0.5   0.25 0.3125
145   1 1 4   9   153 154 155 187 188 189 221 222 223   0.5 0.53125   0.25 0.3125
146   1 1 4   9   154 155 156 188 189 190 222 223 224   0.53125 0.5625   0.25 0.3125
147   1 1 4   9   155 156 157 189 190 191 223 224 225   0.5625 0.59375   0.25 0.3125
148   1 1 4   9   156 157 158 190 191 192 224 225 226   0.59375 0.625   0.25 0.3125
149   1 1 4   9   157 158 159 191 192 193 225 226 227   0.625 0.65625   0.25 0.3125
150   1 1 4   9   158 159 160 192 193 194 226 227 228   0.65625 0.6875   0.25 0.3125
151   1 1 4   9   159 160 161 193 194 195 227 228 229   0.6875 0.71875   0.25 0.3125
152   1 1 4   9   160 161 162 194 195 196 228 229 230   0.71875 0.75   0.25 0.3125
153   1 1 4   9   161 162 163 195 196 197 229 230 231   0.75 0.78125   0.25 0.3125
154   1 1 4   9   162 163 164 196 197 198 230 231 232   0.78125 0.8125   0.25 0.3125
155   1 1 4   9   163 164 165 197 198 199 231 232 233   0.8125 0.84375   0.25 0.3125
156   1 1 4   9   164 165 166 198 199 200 232 233 234   0.84375 0.875   0.25 0.3125
157   1 1 4   9   165 166 167 199 200 201 233 234 235   0.875 0.90625   0.25 0.3125
158   1 1 4   9   166 167 168 200 201 202 234 235 236   0.90625 0.9375   0.25 0.3125
159   1 1 4   9   167 168 169 201 202 203 235 236 237   0.9375 0.96875   0.25 0.3125
160   1 1 4   9   168 169 170 202 203 204 236 237 238   0.96875 1.0   0.25 0.3125
161   1 1 4   9   171 172 173 205 206 207 239 240 241   0.0 0.03125   0.3125 0.375
162   1 1 4   9   172 173 174 206 207 208 240 241 242   0.03125 0.0625   0.3125 0.375
163   1 1 4   9   173 174 175 207 208 209 241 242 243   0.0625 0.09375   0.3125 0.375
164   1 1 4   9   174 175 176 208 209 210 242 243 244   0.09375 0.125   0.3125 0.375
165   1 1 4   9   175 176 177 209 210 211 243 244 245   0.125 0.15625   0.3125 0.375
166   1 1 4   9   176 177 178 210 211 212 244 245 246   0.15625 0.1875   0.3125 0.375
167   1 1 4   9   177 178 179 211 212 213 245 246 247   0.1875 0.21875   0.3125 0.375
168   1 1 4   9   178 179 180 212 213 214 246 247 248   0.21875 0.25   0.3125 0.375
169   1 1 4   9   179 180 181 213 214 215 247 248 249   0.25 0.28125   0.3125 0.375
170   1 1 4   9   180 181 182 214 215 216 248 249 250   0.28125 0.3125   0.3125 0.375
171   1 1 4   9   181 182 183 215 216 217 249 250 251   0.3125 0.34375   0.3125 0.375
172   1 1 4   9   182 183 184 216 217 218 250 251 252   0.34375 0.375   0.3125 0.375
173   1 1 4   9   183 184 185 217 218 219 251 252 253   0.375 0.40625   0.3125 0.375
174   1 1 4   9   184 185 186 218 219 220 252 253 254   0.40625 0.4375   0.3125 0.375
175   1 1 4   9   185 186 187 219 220 221 253 254 255   0.4375 0.46875   0.3125 0.375
176   1 1 4   9   186 187 188 220 221 222 254 255 256   0.46875 0.5   0.3125 0.375
177   1 1 4   9   187 188 189 221 222 223 255 256 257   0.5 0.53125   0.3125 0.375
178   1 1 4   9   188 189 190 222 223 224 256 257 258   0.53125 0.5625   0.3125 0.375
179   1 1 4   9   189 190 191 223 224 225 257 258 259   0.5625 0.59375   0.3125 0.375
180   1 1 4   9   190 191 192 224 225 226 258 259 260   0.59375 0.625   0.3125 0.375
181   1 1 4   9   191 192 193 225 226 227 259 260 261   0.625 0.65625   0.3125 0.375
182   1 1 4   9   192 193 194 226 227 228 260 261 262   0.65625 0.6875   0.3125 0.375
183   1 1 4   9   193 194 195 227 228 229 261 262 263   0.6875 0.71875   0.3125 0.375
184   1 1 4   9   194 195 196 228 229 230 262 263 264   0.71875 0.75   0.3125 0.375
185   1 1 4   9   195 196 197 229 230 231 263 264 265   0.75 0.78125   0.3125 0.375
186   1 1 4   9   196 197 198 230 231 232 264 265 266   0.78125 0.8125   0.3125 0.375
187   1 1 4   9   197 198 199 231 232 233 265 266 267   0.8125 0.84375   0.3125 0.375
188   1 1 4   9   198 199 200 232 233 234 266 267 268   0.84375 0.875   0.3125 0.375
189   1 1 4   9   199 200 201 233 234 235 267 268 269   0.875 0.90625   0.3125 0.375
190   1 1 4   9   200 201 202 234 235 236 268 269 270   0.90625 0.9375   0.3125 0.375
191   1 1 4   9   201 202 203 235 236 237 269 270 271   0.9375 0.96875   0.3125 0.375
192   1 1 4   9   202 203 204 236 237 238 270 271 272   0.96875 1.0   0.3125 0.375
193   1 1 4   9   205 206 207 239 240 241 273 274 275   0.0 0.03125   0.375 0.4375
194   1 1 4   9   206 207 208 240 241 242 274 275 276   0.03125 0.0625   0.375 0.4375
195   1 1 4   9   207 208 209 241 242 243 275 276 277   0.0625 0.09375   0.375 0.4375
196   1 1 4   9   208 209 210 242 243 244 276 277 278   0.09375 0.125   0.375 0.4375
197   1 1 4   9   209 210 211 243 244 245 277 278 279   0.125 0.15625   0.375 0.4375
198   1 1 4   9   210 211 212 244 245 246 278 279 280   0.15625 0.1875   0.375 0.4375
199   1 1 4   9   211 212 213 245 246 247 279 280 281   0.1875 0.21875   0.375 0.4375
200   1 1 4   9   212 213 214 246 247 248 280 281 282   0.21875 0.25   0.375 0.4375
201   1 1 4   9   213 214 215 247 248 249 281 282 283   0.25 0.28125   0.375 0.4375
202   1 1 4   9   214 215 216 248 249 250 282 283 284   0.28125 0.3125   0.375 0.4375
203   1 1 4   9   215 216 217 249 250 251 283 284 285   0.3125 0.34375   0.375 0.4375
204   1 1 4   9   216 217 218 250 251 252 284 285 286   0.34375 0.375   0.375 0.4375
205   1 1 4   9   217 218 219 251 252 253 285 286 287   0.375 0.40625   0.375 0.4375
206   1 1 4   9   218 219 220 252 253 254 286 287 288   0.40625 0.4375   0.375 0.4375
207   1 1 4   9   219 220 221 253 254 255 287 288 289   0.4375 0.46875   0.375 0.4375
208   1 1 4   9   220 221 222 254 255 256 288 289 290   0.46875 0.5   0.375 0.4375
209   1 1 4   9   221 222 223 255 256 257 289 290 291   0.5 0.53125   0.375 0.4375
210   1 1 4   9   222 223 224 256 257 258 290 291 292   0.53125 0.5625   0.375 0.4375
211   1 1 4   9   223 224 225 257 258 259 291 292 293   0.5625 0.59375   0.375 0.4375
212   1 1 4   9   224 225 226 258 259 260 292 293 294   0.59375 0.625   0.375 0.4375
213   1 1 4   9   225 226 227 259 260 261 293 294 295   0.625 0.65625   0.375 0.4375
214   1 1 4   9   226 227 228 260 261 262 294 295 296   0.65625 0.6875   0.375 0.4375
215   1 1 4   9   227 228 229 261 262 263 295 296 297   0.6875 0.71875   0.375 0.4375
216   1 1 4   9   228 229 230 262 263 264 296 297 298   0.71875 0.75   0.375 0.4375
217   1 1 4   9   229 230 231 263 264 265 297 298 299   0.75 0.78125   0.375 0.4375
218   1 1 4   9   230 231 232 264 265 266 298 299 300   0.78125 0.8125   0.375 0.4375
219   1 1 4   9   231 232 233 265 266 267 299 300 301   0.8125 0.84375   0.375 0.4375
220   1 1 4   9   232 233 234 266 267 268 300 301 302   0.84375 0.875   0.375 0.4375
221   1 1 4   9   233 234 235 267 268 269 301 302 303   0.875 0.90625   0.375 0.4375
222   1 1 4   9   234 235 236 268 269 270 302 303 304   0.90625 0.9375   0.375 0.4375
223   1 1 4   9   235 236 237 269 270 271 303 304 305   0.9375 0.96875   0.375 0.4375
224   1 1 4   9   236 237 238 270 271 272 304 305 306   0.96875 1.0   0.375 0.4375
225   1 1 4   9   239 240 241 273 274 275 307 308 309   0.0 0.03125   0.4375 0.5
226   1 1 4   9   240 241 242 274 275 276 308 309 310   0.03125 0.0625   0.4375 0.5
227   1 1 4   9   241 242 243 275 276 277 309 310 311   0.0625 0.09375   0.4375 0.5
228   1 1 4   9   242 243 244 276 277 278 310 311 312   0.09375 0.125   0.4375 0.5
229   1 1 4   9   243 244 245 277 278 279 311 312 313   0.125 0.15625   0.4375 0.5
230   1 1 4   9   244 245 246 278 279 280 312 313 314   0.15625 0.1875   0.4375 0.5
231   1 1 4   9   245 246 247 279 280 281 313 314 315   0.1875 0.21875   0.4375 0.5
232   1 1 4   9   246 247 248 280 281 282 314 315 316   0.21875 0.25   0.4375 0.5
233   1 1 4   9   247 248 249 281 282 283 315 316 317   0.25 0.28125   0.4375 0.5
234   1 1 4   9   248 249 250 282 283 284 316 317 318   0.28125 0.3125   0.4375 0.5
235   1 1 4   9   249 250 251 283 284 285 317 318 319   0.3125 0.34375   0.4375 0.5
236   1 1 4   9   250 251 252 284 285 286 318 319 320   0.34375 0.375   0.4375 0.5
237   1 1 4   9   251 252 253 285 286 287 319 320 321   0.375 0.40625   0.4375 0.5
238   1 1 4   9   252 253 254 286 287 288 320 321 322   0.40625 0.4375   0.4375 0.5
239   1 1 4   9   253 254 255 287 288 289 321 322 323   0.4375 0.46875   0.4375 0.5
240   1 1 4   9   254 255 256 288 289 290 322 323 324   0.46875 0.5   0.4375 0.5
241   1 1 4   9   255 256 257 289 290 291 323 324 325   0.5 0.53125   0.4375 0.5
242   1 1 4   9   256 257 258 290 291 292 324 325 326   0.53125 0.5625   0.4375 0.5
243   1 1 4   9   257 258 259 291 292 293 325 326 327   0.5625 0.59375   0.4375 0.5
244   1 1 4   9   258 259 260 292 293 294 326 327 328   0.59375 0.625   0.4375 0.5
245   1 1 4   9   259 260 261 293 294 295 327 328 329   0.625 0.65625   0.4375 0.5
246   1 1 4   9   260 261 262 294 295 296 328 329 330   0.65625 0.6875   0.4375 0.5
247   1 1 4   9   261 262 263 295 296 297 329 330 331   0.6875 0.71875   0.4375 0.5
248   1 1 4   9   262 263 264 296 297 298 330 331 332   0.71875 0.75   0.4375 0.5
249   1 1 4   9   263 264 265 297 298 299 331 332 333   0.75 0.78125   0.4375 0.5
250   1 1 4   9   264 265 266 298 299 300 332 333 334   0.78125 0.8125   0.4375 0.5
251   1 1 4   9   265 266 267 299 300 301 333 334 335   0.8125 0.84375   0.4375 0.5
252   1 1 4   9   266 267 268 300 301 302 334 335 336   0.84375 0.875   0.4375 0.5
253   1 1 4   9   267 268 269 301 302 303 335 336 337   0.875 0.90625   0.4375 0.5
254   1 1 4   9   268 269 270 302 303 304 336 337 338   0.90625 0.9375   0.4375 0.5
255   1 1 4   9   269 270 271 303 304 305 337 338 339   0.9375 0.96875   0.4375 0.5
256   1 1 4   9   270 271 272 304 305 306 338 339 340   0.96875 1.0   0.4375 0.5
257   1 1 4   9   273 274 275 307 308 309 341 342 343   0.0 0.03125   0.5 0.5625
258   1 1 4   9   274 275 276 308 309 310 342 343 344   0.03125 0.0625   0.5 0.5625
259   1 1 4   9   275 276 277 309 310 311 343 344 345   0.0625 0.09375   0.5 0.5625
260   1 1 4   9   276 277 278 310 311 312 344 345 346   0.09375 0.125   0.5 0.5625
261   1 1 4   9   277 278 279 311 312 313 345 346 347   0.125 0.15625   0.5 0.5625
262   1 1 4   9   278 279 280 312 313 314 346 347 348   0.15625 0.1875   0.5 0.5625
263   1 1 4   9   279 280 281 313 314 315 347 348 349   0.1875 0.21875   0.5 0.5625
264   1 1 4   9   280 281 282 314 315 316 348 349 350   0.21875 0.25   0.5 0.5625
265   1 1 4   9   281 282 283 315 316 317 349 350 351   0.25 0.28125   0.5 0.5625
266   1 1 4   9   282 283 284 316 317 318 350 351 352   0.28125 0.3125   0.5 0.5625
267   1 1 4   9   283 284 285 317 318 319 351 352 353   0.3125 0.34375   0.5 0.5625
268   1 1 4   9   284 285 286 318 319 320 352 353 354   0.34375 0.375   0.5 0.5625
269   1 1 4   9   285 286 287 319 320 321 353 354 355   0.375 0.40625   0.5 0.5625
270   1 1 4   9   286 287 288 320 321 322 354 355 356   0.40625 0.4375   0.5 0.5625
271   1 1 4   9   287 288 289 321 322 323 355 356 357   0.4375 0.46875   0.5 0.5625
272   1 1 4   9   288 289 290 322 323 324 356 357 358   0.46875 0.5   0.5 0.5625
273   1 1 4   9   289 290 291 323 324 325 357 358 359   0.5 0.53125   0.5 0.5625
274   1 1 4   9   290 291 292 324 325 326 358 359 360   0.53125 0.5625   0.5 0.5625
275   1 1 4   9   291 292 293 325 326 327 359 360 361   0.5625 0.59375   0.5 0.5625
276   1 1 4   9   292 293 294 326 327 328 360 361 362   0.59375 0.625   0.5 0.5625
277   1 1 4   9   293 294 295 327 328 329 361 362 363   0.625 0.65625   0.5 0.5625
278   1 1 4   9   294 295 296 328 329 330 362 363 364   0.65625 0.6875   0.5 0.5625
279   1 1 4   9   295 296 297 329 330 331 363 364 365   0.6875 0.71875   0.5 0.5625
280   1 1 4   9   296 297 298 330 331 332 364 365 366   0.71875 0.75   0.5 0.5625
281   1 1 4   9   297 298 299 331 332 333 365 366 367   0.75 0.78125   0.5 0.5625
282   1 1 4   9   298 299 300 332 333 334 366 367 368   0.78125 0.8125   0.5 0.5625
283   1 1 4   9   299 300 301 333 334 335 367 368 369   0.8125 0.84375   0.5 0.5625
284   1 1 4   9   300 301 302 334 335 336 368 369 370   0.84375 0.875   0.5 0.5625
285   1 1 4   9   301 302 303 335 336 337 369 370 371   0.875 0.90625   0.5 0.5625
286   1 1 4   9   302 303 304 336 337 338 370 371 372   0.90625 0.9375   0.5 0.5625
287   1 1 4   9   303 304 305 337 338 339 371 372 373   0.9375 0.96875   0.5 0.5625
288   1 1 4   9   304 305 306 338 339 340 372 373 374   0.96875 1.0   0.5 0.5625
289   1 1 4   9   307 308 309 341 342 343 375 376 377   0.0 0.03125   0.5625 0.625
290   1 1 4   9   308 309 310 342 343 344 376 377 378   0.03125 0.0625   0.5625 0.625
291   1 1 4   9   309 310 311 343 344 345 377 378 379   0.0625 0.09375   0.5625 0.625
292   1 1 4   9   310 311 312 344 345 346 378 379 380   0.09375 0.125   0.5625 0.625
293   1 1 4   9   311 312 313 345 346 347 379 380 381   0.125 0.15625   0.5625 0.625
294   1 1 4   9   312 313 314 346 347 348 380 381 382   0.15625 0.1875   0.5625 0.625
295   1 1 4   9   313 314 315 347 348 349 381 382 383   0.1875 0.21875   0.5625 0.625
296   1 1 4   9   314 315 316 348 349 350 382 383 384   0.21875 0.25   0.5625 0.625
297   1 1 4   9   315 316 317 349 350 351 383 384 385   0.25 0.28125   0.5625 0.625
298   1 1 4   9   316 317 318 350 351 352 384 385 386   0.28125 0.3125   0.5625 0.625
299   1 1 4   9   317 318 319 351 352 353 385 386 387   0.3125 0.34375   0.5625 0.625
300   1 1 4   9   318 319 320 352 353 354 386 387 388   0.34375 0.375   0.5625 0.625
301   1 1 4   9   319 320 321 353 354 355 387 388 389   0.375 0.40625   0.5625 0.625
302   1 1 4   9   320 321 322 354 355 356 388 389 390   0.40625 0.4375   0.5625 0.625
303   1 1 4   9   321 322 323 355 356 357 389 390 391   0.4375 0.46875   0.5625 0.625
304   1 1 4   9   322 323 324 356 357 358 390 391 392   0.46875 0.5   0.5625 0.625
305   1 1 4   9   323 324 325 357 358 359 391 392 393   0.5 0.53125   0.5625 0.625
306   1 1 4   9   324 325 326 358 359 360 392 393 394   0.53125 0.5625   0.5625 0.625
307   1 1 4   9   325 326 327 359 360 361 393 394 395   0.5625 0.59375   0.5625 0.625
308   1 1 4   9   326 327 328 360 361 362 394 395 396   0.59375 0.625   0.5625 0.625
309   1 1 4   9   327 328 329 361 362 363 395 396 397   0.625 0.65625   0.5625 0.625
310   1 1 4   9   328 329 330 362 363 364 396 397 398   0.65625 0.6875   0.5625 0.625
311   1 1 4   9   329 330 331 363 364 365 397 398 399   0.6875 0.71875   0.5625 0.625
312   1 1 4   9   330 331 332 364 365 366 398 399 400   0.71875 0.75   0.5625 0.625
313   1 1 4   9   331 332 333 365 366 367 399 400 401   0.75 0.78125   0.5625 0.625
314   1 1 4   9   332 333 334 366 367 368 400 401 402   0.78125 0.8125   0.5625 0.625
315   1 1 4   9   333 334 335 367 368 369 401 402 403   0.8125 0.84375   0.5625 0.625
316   1 1 4   9   334 335 336 368 369 370 402 403 404   0.84375 0.875   0.5625 0.625
317   1 1 4   9   335 336 337 369 370 371 403 404 405   0.875 0.90625   0.5625 0.625
318   1 1 4   9   336 337 338 370 371 372 404 405 406   0.90625 0.9375   0.5625 0.625
319   1 1 4   9   337 338 339 371 372 373 405 406 407   0.9375 0.96875   0.5625 0.625
320   1 1 4   9   338 339 340 372 373 374 406 407 408   0.96875 1.0   0.5625 0.625
321   1 1 4   9   341 342 343 375 376 377 409 410 411   0.0 0.03125   0.625 0.6875
322   1 1 4   9   342 343 344 376 377 378 410 411 412   0.03125 0.0625   0.625 0.6875
323   1 1 4   9   343 344 345 377 378 379 411 412 413   0.0625 0.09375   0.625 0.6875
324   1 1 4   9   344 345 346 378 379 380 412 413 414   0.09375 0.125   0.625 0.6875
325   1 1 4   9   345 346 347 379 380 381 413 414 415   0.125 0.15625   0.625 0.6875
326   1 1 4   9   346 347 348 380 381 382 414 415 416   0.15625 0.1875   0.625 0.6875
327   1 1 4   9   347 348 349 381 382 383 415 416 417   0.1875 0.21875   0.625 0.6875
328   1 1 4   9   348 349 350 382 383 384 416 417 418   0.21875 0.25   0.625 0.6875
329   1 1 4   9   349 350 351 383 384 385 417 418 419   0.25 0.28125   0.625 0.6875
330   1 1 4   9   350 351 352 384 385 386 418 419 420   0.28125 0.3125   0.625 0.6875
331   1 1 4   9   351 352 353 385 386 387 419 420 421   0.3125 0.34375   0.625 0.6875
332   1 1 4   9   352 353 354 386 387 388 420 421 422   0.34375 0.375   0.625 0.6875
333   1 1 4   9   353 354 355 387 388 389 421 422 423   0.375 0.40625   0.625 0.6875
334   1 1 4   9   354 355 356 388 389 390 422 423 424   0.40625 0.4375   0.625 0.6875
335   1 1 4   9   355 356 357 389 390 391 423 424 425   0.4375 0.46875   0.625 0.6875
336   1 1 4   9   356 357 358 390 391 392 424 425 426   0.46875 0.5   0.625 0.6875
337   1 1 4   9   357 358 359 391 392 393 425 426 427   0.5 0.53125   0.625 0.6875
338   1 1 4   9   358 359 360 392 393 394 426 427 428   0.53125 0.5625   0.625 0.6875
339   1 1 4   9   359 360 361 393 394 395 427 428 429   0.5625 0.59375   0.625 0.6875
340   1 1 4   9   360 361 362 394 395 396 428 429 430   0.59375 0.625   0.625 0.6875
341   1 1 4   9   361 362 363 395 396 397 429 430 431   0.625 0.65625   0.625 0.6875
342   1 1 4   9   362 363 364 396 397 398 430 431 432   0.65625 0.6875   0.625 0.6875
343   1 1 4   9   363 364 365 397 398 399 431 432 433   0.6875 0.71875   0.625 0.6875
344   1 1 4   9   364 365 366 398 399 400 432 433 434   0.71875 0.75   0.625 0.6875
345   1 1 4   9   365 366 367 399 400 401 433 434 435   0.75 0.78125   0.625 0.6875
346   1 1 4   9   366 367 368 400 401 402 434 435 436   0.78125 0.8125   0.625 0.6875
347   1 1 4   9   367 368 369 401 402 403 435 436 437   0.8125 0.84375   0.625 0.6875
348   1 1 4   9   368 369 370 402 403 404 436 437 438   0.84375 0.875   0.625 0.6875
349   1 1 4   9   369 370 371 403 404 405 437 438 439   0.875 0.90625   0.625 0.6875
350   1 1 4   9   370 371 372 404 405 406 438 439 440   0.90625 0.9375   0.625 0.6875
351   1 1 4   9   371 372 373 405 406 407 439 440 441   0.9375 0.96875   0.625 0.6875
352   1 1 4   9   372 373 374 406 407 408 440 441 442   0.96875 1.0   0.625 0.6875
353   1 1 4   9   375 376 377 409 410 411 443 444 445   0.0 0.03125   0.6875 0.75
354   1 1 4   9   376 377 378 410 411 412 444 445 446   0.03125 0.0625   0.6875 0.75
355   1 1 4   9   377 378 379 411 412 413 445 446 447   0.0625 0.09375   0.6875 0.75
356   1 1 4   9   378 379 380 412 413 414 446 447 448   0.09375 0.125   0.6875 0.75
357   1 1 4   9   379 380 381 413 414 415 447 448 449   0.125 0.15625   0.6875 0.75
358   1 1 4   9   380 381 382 414 415 416 448 449 450   0.15625 0.1875   0.6875 0.75
359   1 1 4   9   381 382 383 415 416 417 449 450 451   0.1875 0.21875   0.6875 0.75
360   1 1 4   9   382 383 384 416 417 418 450 451 452   0.21875 0.25   0.6875 0.75
361   1 1 4   9   383 384 385 417 418 419 451 452 453   0.25 0.28125   0.6875 0.75
362   1 1 4   9   384 385 386 418 419 420 452 453 454   0.28125 0.3125   0.6875 0.75
363   1 1 4   9   385 386 387 419 420 421 453 454 455   0.3125 0.34375   0.6875 0.75
364   1 1 4   9   386 387 388 420 421 422 454 455 456   0.34375 0.375   0.6875 0.75
365   1 1 4   9   387 388 389 421 422 423 455 456 457   0.375 0.40625   0.6875 0.75
366   1 1 4   9   388 389 390 422 423 424 456 457 458   0.40625 0.4375   0.6875 0.75
367   1 1 4   9   389 390 391 423 424 425 457 458 459   0.4375 0.46875   0.6875 0.75
368   1 1 4   9   390 391 392 424 425 426 458 459 460   0.46875 0.5   0.6875 0.75
369   1 1 4   9   391 392 393 425 426 427 459 460 461   0.5 0.53125   0.6875 0.75
370   1 1 4   9   392 393 394 426 427 428 460 461 462   0.53125 0.5625   0.6875 0.75
371   1 1 4   9   393 394 395 427 428 429 461 462 463   0.5625 0.59375   0.6875 0.75
372   1 1 4   9   394 395 396 428 429 430 462 463 464   0.59375 0.625   0.6875 0.75
373   1 1 4   9   395 396 397 429 430 431 463 464 465   0.625 0.65625   0.6875 0.75
374   1 1 4   9   396 397 398 430 431 432 464 465 466   0.65625 0.6875   0.6875 0.75
375   1 1 4   9   397 398 399 431 432 433 465 466 467   0.6875 0.71875   0.6875 0.75
376   1 1 4   9   398 399 400 432 433 434 466 467 468   0.71875 0.75   0.6875 0.75
377   1 1 4   9   399 400 401 433 434 435 467 468 469   0.75 0.78125   0.6875 0.75
378   1 1 4   9   400 401 402 434 435 436 468 469 470   0.78125 0.8125   0.6875 0.75
379   1 1 4   9   401 402 403 435 436 437 469 470 471   0.8125 0.84375   0.6875 0.75
380   1 1 4   9   402 403 404 436 437 438 470 471 472   0.84375 0.875   0.6875 0.75
381   1 1 4   9   403 404 405 437 438 439 471 472 473   0.875 0.90625   0.6875 0.75
382   1 1 4   9   404 405 406 438 439 440 472 473 474   0.90625 0.9375   0.6875 0.75
383   1 1 4   9   405 406 407 439 440 441 473 474 475   0.9375 0.96875   0.6875 0.75
384   1 1 4   9   406 407 408 440 441 442 474 475 476   0.96875 1.0   0.6875 0.75
385   1 1 4   9   409 410 411 443 444 445 477 478 479   0.0 0.03125   0.75 0.8125
386   1 1 4   9   410 411 412 444 445 446 478 479 480   0.03125 0.0625   0.75 0.8125
387   1 1 4   9   411 412 413 445 446 447 479 480 481   0.0625 0.09375   0.75 0.8125
388   1 1 4   9   412 413 414 446 447 448 480 481 482   0.09375 0.125   0.75 0.8125
389   1 1 4   9   413 414 415 447 448 449 481 482 483   0.125 0.15625   0.75 0.8125
390   1 1 4   9   414 415 416 448 449 450 482 483 484   0.15625 0.1875   0.75 0.8125
391   1 1 4   9   415 416 417 449 450 451 483 484 485   0.1875 0.21875   0.75 0.8125
392   1 1 4   9   416 417 418 450 451 452 484 485 486   0.21875 0.25   0.75 0.8125
393   1 1 4   9   417 418 419 451 452 453 485 486 487   0.25 0.28125   0.75 0.8125
394   1 1 4   9   418 419 420 452 453 454 486 487 488   0.28125 0.3125   0.75 0.8125
395   1 1 4   9   419 420 421 453 454 455 487 488 489   0.3125 0.34375   0.75 0.8125
396   1 1 4   9   420 421 422 454 455 456 488 489 490   0.34375 0.375   0.75 0.8125
397   1 1 4   9   421 422 423 455 456 457 489 490 491   0.375 0.40625   0.75 0.8125
398   1 1 4   9   422 423 424 456 457 458 490 491 492   0.40625 0.4375   0.75 0.8125
399   1 1 4   9   423 424 425 457 458 459 491 492 493   0.4375 0.46875   0.75 0.8125
400   1 1 4   9   424 425 426 458 459 460 492 493 494   0.46875 0.5   0.75 0.8125
401   1 1 4   9   425 426 427 459 460 461 493 494 495   0.5 0.53125   0.75 0.8125
402   1 1 4   9   426 427 428 460 461 462 494 495 496   0.53125 0.5625   0.75 0.8125
403   1 1 4   9   427 428 429 461 462 463 495 496 497   0.5625 0.59375   0.75 0.8125
404   1 1 4   9   428 429 430 462 463 464 496 497 498   0.59375 0.625   0.75 0.8125
405   1 1 4   9   429 430 431 463 464 465 497 498 499   0.625 0.65625   0.75 0.8125
406   1 1 4   9   430 431 432 464 465 466 498 499 500   0.65625 0.6875   0.75 0.8125
407   1 1 4   9   431 432 433 465 466 467 499 500 501   0.6875 0.71875   0.75 0.8125
408   1 1 4   9   432 433 434 466 467 468 500 501 502   0.71875 0.75   0.75 0.8125
409   1 1 4   9   433 434 435 467 468 469 501 502 503   0.75 0.78125   0.75 0.8125
410   1 1 4   9   434 435 436 468 469 470 502 503 504   0.78125 0.8125   0.75 0.8125
411   1 1 4   9   435 436 437 469 470 471 503 504 505   0.8125 0.84375   0.75 0.8125
412   1 1 4   9   436 437 438 470 471 472 504 505 506   0.84375 0.875   0.75 0.8125
413   1 1 4   9   437 438 439 471 472 473 505 506 507   0.875 0.90625   0.75 0.8125
414   1 1 4   9   438 439 440 472 473 474 506 507 508   0.90625 0.9375   0.75 0.8125
415   1 1 4   9   439 440 441 473 474 475 507 508 509   0.9375 0.96875   0.75 0.8125
416   1 1 4   9   440 441 442 474 475 476 508 509 510   0.96875 1.0   0.75 0.8125
417   1 1 4   9   443 444 445 477 478 479 511 512 513   0.0 0.03125   0.8125 0.875
418   1 1 4   9   444 445 446 478 479 480 512 513 514   0.03125 0.0625   0.8125 0.875
419   1 1 4   9   445 446 447 479 480 481 513 514 515   0.0625 0.09375   0.8125 0.875
420   1 1 4   9   446 447 448 480 481 482 514 515 516   0.09375 0.125   0.8125 0.875
421   1 1 4   9   447 448 449 481 482 483 515 516 517   0.125 0.15625   0.8125 0.875
422   1 1 4   9   448 449 450 482 483 484 516 517 518   0.15625 0.1875   0.8125 0.875
423   1 1 4   9   449 450 451 483 484 485 517 518 519   0.1875 0.21875   0.8125 0.875
424   1 1 4   9   450 451 452 484 485 486 518 519 520   0.21875 0.25   0.8125 0.875
425   1 1 4   9   451 452 453 485 486 487 519 520 521   0.25 0.28125   0.8125 0.875
426   1 1 4   9   452 453 454 486 487 488 520 521 522   0.28125 0.3125   0.8125 0.875
427   1 1 4   9   453 454 455 487 488 489 521 522 523   0.3125 0.34375   0.8125 0.875
428   1 1 4   9   454 455 456 488 489 490 522 523 524   0.34375 0.375   0.8125 0.875
429   1 1 4   9   455 456 457 489 490 491 523 524 525   0.375 0.40625   0.8125 0.875
430   1 1 4   9   456 457 458 490 491 492 524 525 526   0.40625 0.4375   0.8125 0.875
431   1 1 4   9   457 458 459 491 492 493 525 526 527   0.4375 0.46875   0.8125 0.875
432   1 1 4   9   458 459 460 492 493 494 526 527 528   0.46875 0.5   0.8125 0.875
433   1 1 4   9   459 460 461 493 494 495 527 528 529   0.5 0.53125   0.8125 0.875
434   1 1 4   9   460 461 462 494 495 496 528 529 530   0.53125 0.5625   0.8125 0.875
435   1 1 4   9   461 462 463 495 496 497 529 530 531   0.5625 0.59375   0.8125 0.875
436   1 1 4   9   462 463 464 496 497 498 530 531 532   0.59375 0.625   0.8125 0.875
437   1 1 4   9   463 464 465 497 498 499 531 532 533   0.625 0.65625   0.8125 0.875
438   1 1 4   9   464 465 466 498 499 500 532 533 534   0.65625 0.6875   0.8125 0.875
439   1 1 4   9   465 466 467 499 500 501 533 534 535   0.6875 0.71875   0.8125 0.875
440   1 1 4   9   466 467 468 500 501 502 534 535 536   0.71875 0.75   0.8125 0.875
441   1 1 4   9   467 468 469 501 502 503 535 536 537   0.75 0.78125   0.8125 0.875
442   1 1 4   9   468 469 470 502 503 504 536 537 538   0.78125 0.8125   0.8125 0.875
443   1 1 4   9   469 470 471 503 504 505 537 538 539   0.8125 0.84375   0.8125 0.875
444   1 1 4   9   470 471 472 504 505 506 538 539 540   0.84375 0.875   0.8125 0.875
445   1 1 4   9   471 472 473 505 506 507 539 540 541   0.875 0.90625   0.8125 0.875
446   1 1 4   9   472 473 474 506 507 508 540 541 542   0.90625 0.9375   0.8125 0.875
447   1 1 4   9   473 474 475 507 508 509 541 542 543   0.9375 0.96875   0.8125 0.875
448   1 1 4   9   474 475 476 508 509 510 542 543 544   0.96875 1.0   0.8125 0.875
449   1 1 4   9   477 478 479 511 512 513 545 546 547   0.0 0.03125   0.875 0.9375
450   1 1 4   9   478 479 480 512 513 514 546 547 548   0.03125 0.0625   0.875 0.9375
451   1 1 4   9   479 480 481 513 514 515 547 548 549   0.0625 0.09375   0.875 0.9375
452   1 1 4   9   480 481 482 514 515 516 548 549 550   0.09375 0.125   0.875 0.9375
453   1 1 4   9   481 482 483 515 516 517 549 550 551   0.125 0.15625   0.875 0.9375
454   1 1 4   9   482 483 484 516 517 518 550 551 552   0.15625 0.1875   0.875 0.9375
455   1 1 4   9   483 484 485 517 518 519 551 552 553   0.1875 0.21875   0.875 0.9375
456   1 1 4   9   484 485 486 518 519 520 552 553 554   0.21875 0.25   0.875 0.9375
457   1 1 4   9   485 486 487 519 520 521 553 554 555   0.25 0.28125   0.875 0.9375
458   1 1 4   9   486 487 488 520 521 522 554 555 556   0.28125 0.3125   0.875 0.9375
459   1 1 4   9   487 488 489 521 522 523 555 556 557   0.3125 0.34375   0.875 0.9375
460   1 1 4   9   488 489 490 522 523 524 556 557 558   0.34375 0.375   0.875 0.9375
461   1 1 4   9   489 490 491 523 524 525 557 558 559   0.375 0.40625   0.875 0.9375
462   1 1 4   9   490 491 492 524 525 526 558 559 560   0.40625 0.4375   0.875 0.9375
463   1 1 4   9   491 492 493 525 526 527 559 560 561   0.4375 0.46875   0.875 0.9375
464   1 1 4   9   492 493 494 526 527 528 560 561 562   0.46875 0.5   0.875 0.9375
465   1 1 4   9   493 494 495 527 528 529 561 562 563   0.5 0.53125   0.875 0.9375
466   1 1 4   9   494 495 496 528 529 530 562 563 564   0.53125 0.5625   0.875 0.9375
467   1 1 4   9   495 496 497 529 530 531 563 564 565   0.5625 0.59375   0.875 0.9375
468   1 1 4   9   496 497 498 530 531 532 564 565 566   0.59375 0.625   0.875 0.9375
469   1 1 4   9   497 498 499 531 532 533 565 566 567   0.625 0.65625   0.875 0.9375
470   1 1 4   9   498 499 500 532 533 534 566 567 568   0.65625 0.6875   0.875 0.9375
471   1 1 4   9   499 500 501 533 534 535 567 568 569   0.6875 0.71875   0.875 0.9375
472   1 1 4   9   500 501 502 534 535 536 568 569 570   0.71875 0.75   0.875 0.9375
473   1 1 4   9   501 502 503 535 536 537 569 570 571   0.75 0.78125   0.875 0.9375
474   1 1 4   9   502 503 504 536 537 538 570 571 572   0.78125 0.8125   0.875 0.9375
475   1 1 4   9   503 504 505 537 538 539 571 572 573   0.8125 0.84375   0.875 0.9375
476   1 1 4   9   504 505 506 538 539 540 572 573 574   0.84375 0.875   0.875 0.9375
477   1 1 4   9   505 506 507 539 540 541 573 574 575   0.875 0.90625   0.875 0.9375
478   1 1 4   9   506 507 508 540 541 542 574 575 576   0.90625 0.9375   0.875 0.9375
479   1 1 4   9   507 508 509 541 542 543 575 576 577   0.9375 0.96875   0.875 0.9375
480   1 1 4   9   508 509 510 542 543 544 576 577 578   0.96875 1.0   0.875 0.9375
481   1 1 4   9   511 512 513 545 546 547 579 580 581   0.0 0.03125   0.9375 1.0
482   1 1 4   9   512 513 514 546 547 548 580 581 582   0.03125 0.0625   0.9375 1.0
483   1 1 4   9   513 514 515 547 548 549 581 582 583   0.0625 0.09375   0.9375 1.0
484   1 1 4   9   514 515 516 548 549 550 582 583 584   0.09375 0.125   0.9375 1.0
485   1 1 4   9   515 516 517 549 550 551 583 584 585   0.125 0.15625   0.9375 1.0
486   1 1 4   9   516 517 518 550 551 552 584 585 586   0.15625 0.1875   0.9375 1.0
487   1 1 4   9   517 518 519 551 552 553 585 586 587   0.1875 0.21875   0.9375 1.0
488   1 1 4   9   518 519 520 552 553 554 586 587 588   0.21875 0.25   0.9375 1.0
489   1 1 4   9   519 520 521 553 554 555 587 588 589   0.25 0.28125   0.9375 1.0
490   1 1 4   9   520 521 522 554 555 556 588 589 590   0.28125 0.3125   0.9375 1.0
491   1 1 4   9   521 522 523 555 556 557 589 590 591   0.3125 0.34375   0.9375 1.0
492   1 1 4   9   522 523 524 556 557 558 590 591 592   0.34375 0.375   0.9375 1.0
493   1 1 4   9   523 524 525 557 558 559 591 592 593   0.375 0.40625   0.9375 1.0
494   1 1 4   9   524 525 526 558 559 560 592 593 594   0.40625 0.4375   0.9375 1.0
495   1 1 4   9   525 526 527 559 560 561 593 594 595   0.4375 0.46875   0.9375 1.0
496   1 1 4   9   526 527 528 560 561 562 594 595 596   0.46875 0.5   0.9375 1.0
497   1 1 4   9   527 528 529 561 562 563 595 596 597   0.5 0.53125   0.9375 1.0
498   1 1 4   9   528 529 530 562 563 564 596 597 598   0.53125 0.5625   0.9375 1.0
499   1 1 4   9   529 530 531 563 564 565 597 598 599   0.5625 0.59375   0.9375 1.0
500   1 1 4   9   530 531 532 564 565 566 598 599 600   0.59375 0.625   0.9375 1.0
501   1 1 4   9   531 532 533 565 566 567 599 600 601   0.625 0.65625   0.9375 1.0
502   1 1 4   9   532 533 534 566 567 568 600 601 602   0.65625 0.6875   0.9375 1.0
503   1 1 4   9   533 534 535 567 568 569 601 602 603   0.6875 0.71875   0.9375 1.0
504   1 1 4   9   534 535 536 568 569 570 602 603 604   0.71875 0.75   0.9375 1.0
505   1 1 4   9   535 536 537 569 570 571 603 604 605   0.75 0.78125   0.9375 1.0
506   1 1 4   9   536 537 538 570 571 572 604 605 606   0.78125 0.8125   0.9375 1.0
507   1 1 4   9   537 538 539 571 572 573 605 606 607   0.8125 0.84375   0.9375 1.0
508   1 1 4   9   538 539 540 572 573 574 606 607 608   0.84375 0.875   0.9375 1.0
509   1 1 4   9   539 540 541 573 574 575 607 608 609   0.875 0.90625   0.9375 1.0
510   1 1 4   9   540 541 542 574 575 576 608 609 610   0.90625 0.9375   0.9375 1.0
511   1 1 4   9   541 542 543 575 576 577 609 610 611   0.9375 0.96875   0.9375 1.0
512   1 1 4   9   542 543 544 576 577 578 610 611 612   0.96875 1.0   0.9375 1.0

%LOAD
1
1	'Load_Case_1'

%LOAD.CASE
1

%LOAD.CASE.LINE.FORCE.UNIFORM
32
481   579 581   0   1.000000 1.000000 0.000000
482   580 582   0   1.000000 1.000000 0.000000
483   581 583   0   1.000000 1.000000 0.000000
484   582 584   0   1.000000 1.000000 0.000000
485   583 585   0   1.000000 1.000000 0.000000
486   584 586   0   1.000000 1.000000 0.000000
487   585 587   0   1.000000 1.000000 0.000000
488   586 588   0   1.000000 1.000000 0.000000
489   587 589   0   1.000000 1.000000 0.000000
490   588 590   0   1.000000 1.000000 0.000000
491   589 591   0   1.000000 1.000000 0.000000
492   590 592   0   1.000000 1.000000 0.000000
493   591 593   0   1.000000 1.000000 0.000000
494   592 594   0   1.000000 1.000000 0.000000
495   593 595   0   1.000000 1.000000 0.000000
496   594 596   0   1.000000 1.000000 0.000000
497   595 597   0   1.000000 1.000000 0.000000
498   596 598   0   1.000000 1.000000 0.000000
499   597 599   0   1.000000 1.000000 0.000000
500   598 600   0   1.000000 1.000000 0.000000
501   599 601   0   1.000000 1.000000 0.000000
502   600 602   0   1.000000 1.000000 0.000000
503   601 603   0   1.000000 1.000000 0.000000
504   602 604   0   1.000000 1.000000 0.000000
505   603 605   0   1.000000 1.000000 0.000000
506   604 606   0   1.000000 1.000000 0.000000
507   605 607   0   1.000000 1.000000 0.000000
508   606 608   0   1.000000 1.000000 0.000000
509   607 609   0   1.000000 1.000000 0.000000
510   608 610   0   1.000000 1.000000 0.000000
511   609 611   0   1.000000 1.000000 0.000000
512   610 612   0   1.000000 1.000000 0.000000

%END