%HEADER
Output file created by FEMEP (version April/2023).
'File created by FEMEP program'

%HEADER.ANALYSIS
'plane_stress ISOPARAMETRIC'

%NODE
37

%NODE.COORD
37
1   0.000000 4.000000 0.000000
2   -1.000000 4.000000 0.000000
3   -2.000000 4.000000 0.000000
4   -3.000000 4.000000 0.000000
5   -4.000000 4.000000 0.000000
6   -4.000000 3.000000 0.000000
7   -4.000000 2.000000 0.000000
8   -4.000000 1.000000 0.000000
9   -4.000000 0.000000 0.000000
10   0.000000 3.250000 0.000000
11   -1.592024 3.232447 0.000000
12   -3.176777 3.176777 0.000000
13   -3.232447 1.592024 0.000000
14   -3.250000 0.000000 0.000000
15   0.000000 2.500000 0.000000
16   -0.592024 2.482447 0.000000
17   -1.184047 2.464894 0.000000
18   -1.768800 2.409224 0.000000
19   -2.353553 2.353553 0.000000
20   -2.409224 1.768800 0.000000
21   -2.464894 1.184047 0.000000
22   -2.482447 0.592024 0.000000
23   -2.500000 0.000000 0.000000
24   0.000000 1.750000 0.000000
25   -0.776071 1.697341 0.000000
26   -1.530330 1.530330 0.000000
27   -1.697341 0.776071 0.000000
28   -1.750000 0.000000 0.000000
29   0.000000 1.000000 0.000000
30   -0.181963 0.983305 0.000000
31   -0.368095 0.929788 0.000000
32   -0.547210 0.836996 0.000000
33   -0.707107 0.707107 0.000000
34   -0.836996 0.547210 0.000000
35   -0.929788 0.368095 0.000000
36   -0.983305 0.181963 0.000000
37   -1.000000 0.000000 0.000000

%NODE.SUPPORT
10
1   1 0 0 0 0 0
9   0 1 0 0 0 0
10   1 0 0 0 0 0
14   0 1 0 0 0 0
15   1 0 0 0 0 0
23   0 1 0 0 0 0
24   1 0 0 0 0 0
28   0 1 0 0 0 0
29   1 0 0 0 0 0
37   0 1 0 0 0 0

%MATERIAL
1

%MATERIAL.ISOTROPIC
1
1   100000.0 0.300000

%THICKNESS
1
1   1.000000

%INTEGRATION.ORDER
4
1 1 1 1 1 1 1
2 3 3 1 3 3 1
3 1 1 1 1 1 1
4 3 3 1 3 3 1

%ELEMENT
8


%ELEMENT.Q8
8
1   1 1 4 1 2 3 11 17 16 15 10
2   1 1 4 15 16 17 25 31 30 29 24
3   1 1 4 3 4 5 12 19 18 17 11
4   1 1 4 17 18 19 26 33 32 31 25
5   1 1 4 5 6 7 13 21 20 19 12
6   1 1 4 19 20 21 27 35 34 33 26
7   1 1 4 7 8 9 14 23 22 21 13
8   1 1 4 21 22 23 28 37 36 35 27

%LOAD
1
1	'Load_Case_1'

%LOAD.CASE
1

%LOAD.CASE.LINE.FORCE.UNIFORM
4
7	9	7	0	1.000000	1.000000	0.000000
5	7	5	0	1.000000	1.000000	0.000000
3	5	3	0	1.000000	1.000000	0.000000
1	3	1	0	1.000000	1.000000	0.000000

%END