%HEADER
Output file created by FEMEP (version April/2023).
'File created by FEMEP program'

%HEADER.ANALYSIS
'plane_stress ISOPARAMETRIC'

%NODE
937

%NODE.COORD
937
1   0.000000 4.000000 0.000000
2   -0.166667 4.000000 0.000000
3   -0.333333 4.000000 0.000000
4   -0.500000 4.000000 0.000000
5   -0.666667 4.000000 0.000000
6   -0.833333 4.000000 0.000000
7   -1.000000 4.000000 0.000000
8   -1.166667 4.000000 0.000000
9   -1.333333 4.000000 0.000000
10   -1.500000 4.000000 0.000000
11   -1.666667 4.000000 0.000000
12   -1.833333 4.000000 0.000000
13   -2.000000 4.000000 0.000000
14   -2.166667 4.000000 0.000000
15   -2.333333 4.000000 0.000000
16   -2.500000 4.000000 0.000000
17   -2.666667 4.000000 0.000000
18   -2.833333 4.000000 0.000000
19   -3.000000 4.000000 0.000000
20   -3.166667 4.000000 0.000000
21   -3.333333 4.000000 0.000000
22   -3.500000 4.000000 0.000000
23   -3.666667 4.000000 0.000000
24   -3.833333 4.000000 0.000000
25   -4.000000 4.000000 0.000000
26   -4.000000 3.833333 0.000000
27   -4.000000 3.666667 0.000000
28   -4.000000 3.500000 0.000000
29   -4.000000 3.333333 0.000000
30   -4.000000 3.166667 0.000000
31   -4.000000 3.000000 0.000000
32   -4.000000 2.833333 0.000000
33   -4.000000 2.666667 0.000000
34   -4.000000 2.500000 0.000000
35   -4.000000 2.333333 0.000000
36   -4.000000 2.166667 0.000000
37   -4.000000 2.000000 0.000000
38   -4.000000 1.833333 0.000000
39   -4.000000 1.666667 0.000000
40   -4.000000 1.500000 0.000000
41   -4.000000 1.333333 0.000000
42   -4.000000 1.166667 0.000000
43   -4.000000 1.000000 0.000000
44   -4.000000 0.833333 0.000000
45   -4.000000 0.666667 0.000000
46   -4.000000 0.500000 0.000000
47   -4.000000 0.333333 0.000000
48   -4.000000 0.166667 0.000000
49   -4.000000 0.000000 0.000000
50   0.000000 3.875000 0.000000
51   -0.321928 3.874926 0.000000
52   -0.643904 3.874697 0.000000
53   -0.965915 3.874304 0.000000
54   -1.287947 3.873740 0.000000
55   -1.609982 3.872998 0.000000
56   -1.932004 3.872075 0.000000
57   -2.253994 3.870967 0.000000
58   -2.575932 3.869678 0.000000
59   -2.897800 3.868208 0.000000
60   -3.219579 3.866565 0.000000
61   -3.541250 3.864758 0.000000
62   -3.862796 3.862796 0.000000
63   -3.864758 3.541250 0.000000
64   -3.866565 3.219579 0.000000
65   -3.868208 2.897800 0.000000
66   -3.869678 2.575932 0.000000
67   -3.870967 2.253994 0.000000
68   -3.872075 1.932004 0.000000
69   -3.872998 1.609982 0.000000
70   -3.873740 1.287947 0.000000
71   -3.874304 0.965915 0.000000
72   -3.874697 0.643904 0.000000
73   -3.874926 0.321928 0.000000
74   -3.875000 0.000000 0.000000
75   0.000000 3.750000 0.000000
76   -0.155261 3.749926 0.000000
77   -0.310522 3.749852 0.000000
78   -0.465832 3.749623 0.000000
79   -0.621141 3.749394 0.000000
80   -0.776486 3.749001 0.000000
81   -0.931830 3.748609 0.000000
82   -1.087195 3.748044 0.000000
83   -1.242560 3.747480 0.000000
84   -1.397929 3.746738 0.000000
85   -1.553297 3.745996 0.000000
86   -1.708653 3.745073 0.000000
87   -1.864008 3.744149 0.000000
88   -2.019331 3.743042 0.000000
89   -2.174654 3.741935 0.000000
90   -2.329926 3.740645 0.000000
91   -2.485198 3.739355 0.000000
92   -2.640399 3.737886 0.000000
93   -2.795601 3.736416 0.000000
94   -2.950713 3.734773 0.000000
95   -3.105825 3.733131 0.000000
96   -3.260829 3.731323 0.000000
97   -3.415833 3.729515 0.000000
98   -3.570713 3.727554 0.000000
99   -3.725592 3.725592 0.000000
100   -3.727554 3.570713 0.000000
101   -3.729515 3.415833 0.000000
102   -3.731323 3.260829 0.000000
103   -3.733131 3.105825 0.000000
104   -3.734773 2.950713 0.000000
105   -3.736416 2.795601 0.000000
106   -3.737886 2.640399 0.000000
107   -3.739355 2.485198 0.000000
108   -3.740645 2.329926 0.000000
109   -3.741935 2.174654 0.000000
110   -3.743042 2.019331 0.000000
111   -3.744149 1.864008 0.000000
112   -3.745073 1.708653 0.000000
113   -3.745996 1.553297 0.000000
114   -3.746738 1.397929 0.000000
115   -3.747480 1.242560 0.000000
116   -3.748044 1.087195 0.000000
117   -3.748609 0.931830 0.000000
118   -3.749001 0.776486 0.000000
119   -3.749394 0.621141 0.000000
120   -3.749623 0.465832 0.000000
121   -3.749852 0.310522 0.000000
122   -3.749926 0.155261 0.000000
123   -3.750000 0.000000 0.000000
124   0.000000 3.625000 0.000000
125   -0.299117 3.624778 0.000000
126   -0.598378 3.624091 0.000000
127   -0.897745 3.622913 0.000000
128   -1.197173 3.621220 0.000000
129   -1.496613 3.618994 0.000000
130   -1.796012 3.616224 0.000000
131   -2.095314 3.612902 0.000000
132   -2.394464 3.609033 0.000000
133   -2.693401 3.604624 0.000000
134   -2.992071 3.599696 0.000000
135   -3.290417 3.594273 0.000000
136   -3.588388 3.588388 0.000000
137   -3.594273 3.290417 0.000000
138   -3.599696 2.992071 0.000000
139   -3.604624 2.693401 0.000000
140   -3.609033 2.394464 0.000000
141   -3.612902 2.095314 0.000000
142   -3.616224 1.796012 0.000000
143   -3.618994 1.496613 0.000000
144   -3.621220 1.197173 0.000000
145   -3.622913 0.897745 0.000000
146   -3.624091 0.598378 0.000000
147   -3.624778 0.299117 0.000000
148   -3.625000 0.000000 0.000000
149   0.000000 3.500000 0.000000
150   -0.143856 3.499852 0.000000
151   -0.287711 3.499704 0.000000
152   -0.431663 3.499246 0.000000
153   -0.575616 3.498788 0.000000
154   -0.719638 3.498003 0.000000
155   -0.863661 3.497218 0.000000
156   -1.007723 3.496089 0.000000
157   -1.151786 3.494960 0.000000
158   -1.295857 3.493476 0.000000
159   -1.439928 3.491993 0.000000
160   -1.583972 3.490145 0.000000
161   -1.728016 3.488298 0.000000
162   -1.871995 3.486084 0.000000
163   -2.015975 3.483870 0.000000
164   -2.159852 3.481290 0.000000
165   -2.303729 3.478710 0.000000
166   -2.447465 3.475771 0.000000
167   -2.591202 3.472833 0.000000
168   -2.734759 3.469547 0.000000
169   -2.878316 3.466261 0.000000
170   -3.021658 3.462646 0.000000
171   -3.165000 3.459030 0.000000
172   -3.308092 3.455107 0.000000
173   -3.451184 3.451184 0.000000
174   -3.455107 3.308092 0.000000
175   -3.459030 3.165000 0.000000
176   -3.462646 3.021658 0.000000
177   -3.466261 2.878316 0.000000
178   -3.469547 2.734759 0.000000
179   -3.472833 2.591202 0.000000
180   -3.475771 2.447465 0.000000
181   -3.478710 2.303729 0.000000
182   -3.481290 2.159852 0.000000
183   -3.483870 2.015975 0.000000
184   -3.486084 1.871995 0.000000
185   -3.488298 1.728016 0.000000
186   -3.490145 1.583972 0.000000
187   -3.491993 1.439928 0.000000
188   -3.493476 1.295857 0.000000
189   -3.494960 1.151786 0.000000
190   -3.496089 1.007723 0.000000
191   -3.497218 0.863661 0.000000
192   -3.498003 0.719638 0.000000
193   -3.498788 0.575616 0.000000
194   -3.499246 0.431663 0.000000
195   -3.499704 0.287711 0.000000
196   -3.499852 0.143856 0.000000
197   -3.500000 0.000000 0.000000
198   0.000000 3.375000 0.000000
199   -0.276306 3.374630 0.000000
200   -0.552853 3.373485 0.000000
201   -0.829576 3.371522 0.000000
202   -1.106400 3.368700 0.000000
203   -1.383244 3.364991 0.000000
204   -1.660020 3.360373 0.000000
205   -1.936635 3.354837 0.000000
206   -2.212995 3.348388 0.000000
207   -2.489002 3.341041 0.000000
208   -2.764562 3.332826 0.000000
209   -3.039583 3.323788 0.000000
210   -3.313981 3.313981 0.000000
211   -3.323788 3.039583 0.000000
212   -3.332826 2.764562 0.000000
213   -3.341041 2.489002 0.000000
214   -3.348388 2.212995 0.000000
215   -3.354837 1.936635 0.000000
216   -3.360373 1.660020 0.000000
217   -3.364991 1.383244 0.000000
218   -3.368700 1.106400 0.000000
219   -3.371522 0.829576 0.000000
220   -3.373485 0.552853 0.000000
221   -3.374630 0.276306 0.000000
222   -3.375000 0.000000 0.000000
223   0.000000 3.250000 0.000000
224   -0.132450 3.249778 0.000000
225   -0.264900 3.249556 0.000000
226   -0.397495 3.248869 0.000000
227   -0.530090 3.248183 0.000000
228   -0.662790 3.247004 0.000000
229   -0.795491 3.245826 0.000000
230   -0.928252 3.244133 0.000000
231   -1.061013 3.242441 0.000000
232   -1.193786 3.240215 0.000000
233   -1.326559 3.237989 0.000000
234   -1.459291 3.235218 0.000000
235   -1.592024 3.232447 0.000000
236   -1.724660 3.229126 0.000000
237   -1.857296 3.225804 0.000000
238   -1.989778 3.221935 0.000000
239   -2.122260 3.218065 0.000000
240   -2.254531 3.213657 0.000000
241   -2.386802 3.209249 0.000000
242   -2.518805 3.204320 0.000000
243   -2.650808 3.199392 0.000000
244   -2.782487 3.193968 0.000000
245   -2.914167 3.188545 0.000000
246   -3.045472 3.182661 0.000000
247   -3.176777 3.176777 0.000000
248   -3.182661 3.045472 0.000000
249   -3.188545 2.914167 0.000000
250   -3.193968 2.782487 0.000000
251   -3.199392 2.650808 0.000000
252   -3.204320 2.518805 0.000000
253   -3.209249 2.386802 0.000000
254   -3.213657 2.254531 0.000000
255   -3.218065 2.122260 0.000000
256   -3.221935 1.989778 0.000000
257   -3.225804 1.857296 0.000000
258   -3.229126 1.724660 0.000000
259   -3.232447 1.592024 0.000000
260   -3.235218 1.459291 0.000000
261   -3.237989 1.326559 0.000000
262   -3.240215 1.193786 0.000000
263   -3.242441 1.061013 0.000000
264   -3.244133 0.928252 0.000000
265   -3.245826 0.795491 0.000000
266   -3.247004 0.662790 0.000000
267   -3.248183 0.530090 0.000000
268   -3.248869 0.397495 0.000000
269   -3.249556 0.264900 0.000000
270   -3.249778 0.132450 0.000000
271   -3.250000 0.000000 0.000000
272   0.000000 3.125000 0.000000
273   -0.253495 3.124482 0.000000
274   -0.507327 3.122880 0.000000
275   -0.761406 3.120131 0.000000
276   -1.015626 3.116181 0.000000
277   -1.269875 3.110987 0.000000
278   -1.524028 3.104522 0.000000
279   -1.777956 3.096772 0.000000
280   -2.031526 3.087743 0.000000
281   -2.284603 3.077457 0.000000
282   -2.537053 3.065957 0.000000
283   -2.788750 3.053303 0.000000
284   -3.039573 3.039573 0.000000
285   -3.053303 2.788750 0.000000
286   -3.065957 2.537053 0.000000
287   -3.077457 2.284603 0.000000
288   -3.087743 2.031526 0.000000
289   -3.096772 1.777956 0.000000
290   -3.104522 1.524028 0.000000
291   -3.110987 1.269875 0.000000
292   -3.116181 1.015626 0.000000
293   -3.120131 0.761406 0.000000
294   -3.122880 0.507327 0.000000
295   -3.124482 0.253495 0.000000
296   -3.125000 0.000000 0.000000
297   0.000000 3.000000 0.000000
298   -0.121045 2.999704 0.000000
299   -0.242089 2.999407 0.000000
300   -0.363327 2.998492 0.000000
301   -0.484565 2.997577 0.000000
302   -0.605943 2.996006 0.000000
303   -0.727321 2.994435 0.000000
304   -0.848780 2.992178 0.000000
305   -0.970240 2.989921 0.000000
306   -1.091715 2.986953 0.000000
307   -1.213190 2.983985 0.000000
308   -1.334611 2.980291 0.000000
309   -1.456032 2.976596 0.000000
310   -1.577324 2.972168 0.000000
311   -1.698616 2.967739 0.000000
312   -1.819704 2.962580 0.000000
313   -1.940792 2.957420 0.000000
314   -2.061597 2.951543 0.000000
315   -2.182403 2.945665 0.000000
316   -2.302851 2.939094 0.000000
317   -2.423299 2.932522 0.000000
318   -2.543316 2.925291 0.000000
319   -2.663333 2.918060 0.000000
320   -2.782851 2.910215 0.000000
321   -2.902369 2.902369 0.000000
322   -2.910215 2.782851 0.000000
323   -2.918060 2.663333 0.000000
324   -2.925291 2.543316 0.000000
325   -2.932522 2.423299 0.000000
326   -2.939094 2.302851 0.000000
327   -2.945665 2.182403 0.000000
328   -2.951543 2.061597 0.000000
329   -2.957420 1.940792 0.000000
330   -2.962580 1.819704 0.000000
331   -2.967739 1.698616 0.000000
332   -2.972168 1.577324 0.000000
333   -2.976596 1.456032 0.000000
334   -2.980291 1.334611 0.000000
335   -2.983985 1.213190 0.000000
336   -2.986953 1.091715 0.000000
337   -2.989921 0.970240 0.000000
338   -2.992178 0.848780 0.000000
339   -2.994435 0.727321 0.000000
340   -2.996006 0.605943 0.000000
341   -2.997577 0.484565 0.000000
342   -2.998492 0.363327 0.000000
343   -2.999407 0.242089 0.000000
344   -2.999704 0.121045 0.000000
345   -3.000000 0.000000 0.000000
346   0.000000 2.875000 0.000000
347   -0.230684 2.874333 0.000000
348   -0.461802 2.872274 0.000000
349   -0.693236 2.868740 0.000000
350   -0.924853 2.863661 0.000000
351   -1.156505 2.856983 0.000000
352   -1.388036 2.848671 0.000000
353   -1.619277 2.838707 0.000000
354   -1.850057 2.827098 0.000000
355   -2.080204 2.813873 0.000000
356   -2.309545 2.799088 0.000000
357   -2.537917 2.782818 0.000000
358   -2.765165 2.765165 0.000000
359   -2.782818 2.537917 0.000000
360   -2.799088 2.309545 0.000000
361   -2.813873 2.080204 0.000000
362   -2.827098 1.850057 0.000000
363   -2.838707 1.619277 0.000000
364   -2.848671 1.388036 0.000000
365   -2.856983 1.156505 0.000000
366   -2.863661 0.924853 0.000000
367   -2.868740 0.693236 0.000000
368   -2.872274 0.461802 0.000000
369   -2.874333 0.230684 0.000000
370   -2.875000 0.000000 0.000000
371   0.000000 2.750000 0.000000
372   -0.109639 2.749630 0.000000
373   -0.219278 2.749259 0.000000
374   -0.329159 2.748115 0.000000
375   -0.439039 2.746971 0.000000
376   -0.549095 2.745007 0.000000
377   -0.659151 2.743044 0.000000
378   -0.769309 2.740222 0.000000
379   -0.879466 2.737401 0.000000
380   -0.989644 2.733691 0.000000
381   -1.099821 2.729981 0.000000
382   -1.209930 2.725363 0.000000
383   -1.320039 2.720745 0.000000
384   -1.429988 2.715210 0.000000
385   -1.539937 2.709674 0.000000
386   -1.649630 2.703225 0.000000
387   -1.759323 2.696775 0.000000
388   -1.868663 2.689428 0.000000
389   -1.978004 2.682081 0.000000
390   -2.086897 2.673867 0.000000
391   -2.195791 2.665653 0.000000
392   -2.304145 2.656614 0.000000
393   -2.412500 2.647576 0.000000
394   -2.520231 2.637768 0.000000
395   -2.627961 2.627961 0.000000
396   -2.637768 2.520231 0.000000
397   -2.647576 2.412500 0.000000
398   -2.656614 2.304145 0.000000
399   -2.665653 2.195791 0.000000
400   -2.673867 2.086897 0.000000
401   -2.682081 1.978004 0.000000
402   -2.689428 1.868663 0.000000
403   -2.696775 1.759323 0.000000
404   -2.703225 1.649630 0.000000
405   -2.709674 1.539937 0.000000
406   -2.715210 1.429988 0.000000
407   -2.720745 1.320039 0.000000
408   -2.725363 1.209930 0.000000
409   -2.729981 1.099821 0.000000
410   -2.733691 0.989644 0.000000
411   -2.737401 0.879466 0.000000
412   -2.740222 0.769309 0.000000
413   -2.743044 0.659151 0.000000
414   -2.745007 0.549095 0.000000
415   -2.746971 0.439039 0.000000
416   -2.748115 0.329159 0.000000
417   -2.749259 0.219278 0.000000
418   -2.749630 0.109639 0.000000
419   -2.750000 0.000000 0.000000
420   0.000000 2.625000 0.000000
421   -0.207872 2.624185 0.000000
422   -0.416276 2.621668 0.000000
423   -0.625066 2.617348 0.000000
424   -0.834079 2.611141 0.000000
425   -1.043136 2.602980 0.000000
426   -1.252043 2.592820 0.000000
427   -1.460598 2.580641 0.000000
428   -1.668589 2.566453 0.000000
429   -1.875804 2.550290 0.000000
430   -2.082036 2.532218 0.000000
431   -2.287083 2.512333 0.000000
432   -2.490757 2.490757 0.000000
433   -2.512333 2.287083 0.000000
434   -2.532218 2.082036 0.000000
435   -2.550290 1.875804 0.000000
436   -2.566453 1.668589 0.000000
437   -2.580641 1.460598 0.000000
438   -2.592820 1.252043 0.000000
439   -2.602980 1.043136 0.000000
440   -2.611141 0.834079 0.000000
441   -2.617348 0.625066 0.000000
442   -2.621668 0.416276 0.000000
443   -2.624185 0.207872 0.000000
444   -2.625000 0.000000 0.000000
445   0.000000 2.500000 0.000000
446   -0.098233 2.499556 0.000000
447   -0.196467 2.499111 0.000000
448   -0.294990 2.497738 0.000000
449   -0.393514 2.496365 0.000000
450   -0.492248 2.494009 0.000000
451   -0.590982 2.491653 0.000000
452   -0.689837 2.488267 0.000000
453   -0.788693 2.484881 0.000000
454   -0.887572 2.480429 0.000000
455   -0.986452 2.475978 0.000000
456   -1.085249 2.470436 0.000000
457   -1.184047 2.464894 0.000000
458   -1.282653 2.458252 0.000000
459   -1.381258 2.451609 0.000000
460   -1.479556 2.443870 0.000000
461   -1.577854 2.436130 0.000000
462   -1.675730 2.427314 0.000000
463   -1.773605 2.418498 0.000000
464   -1.870943 2.408641 0.000000
465   -1.968282 2.398783 0.000000
466   -2.064974 2.387937 0.000000
467   -2.161667 2.377091 0.000000
468   -2.257610 2.365322 0.000000
469   -2.353553 2.353553 0.000000
470   -2.365322 2.257610 0.000000
471   -2.377091 2.161667 0.000000
472   -2.387937 2.064974 0.000000
473   -2.398783 1.968282 0.000000
474   -2.408641 1.870943 0.000000
475   -2.418498 1.773605 0.000000
476   -2.427314 1.675730 0.000000
477   -2.436130 1.577854 0.000000
478   -2.443870 1.479556 0.000000
479   -2.451609 1.381258 0.000000
480   -2.458252 1.282653 0.000000
481   -2.464894 1.184047 0.000000
482   -2.470436 1.085249 0.000000
483   -2.475978 0.986452 0.000000
484   -2.480429 0.887572 0.000000
485   -2.484881 0.788693 0.000000
486   -2.488267 0.689837 0.000000
487   -2.491653 0.590982 0.000000
488   -2.494009 0.492248 0.000000
489   -2.496365 0.393514 0.000000
490   -2.497738 0.294990 0.000000
491   -2.499111 0.196467 0.000000
492   -2.499556 0.098233 0.000000
493   -2.500000 0.000000 0.000000
494   0.000000 2.375000 0.000000
495   -0.185061 2.374037 0.000000
496   -0.370751 2.371062 0.000000
497   -0.556897 2.365957 0.000000
498   -0.743306 2.358621 0.000000
499   -0.929767 2.348976 0.000000
500   -1.116051 2.336969 0.000000
501   -1.301918 2.322576 0.000000
502   -1.487120 2.305808 0.000000
503   -1.671405 2.286706 0.000000
504   -1.854528 2.265349 0.000000
505   -2.036250 2.241848 0.000000
506   -2.216350 2.216350 0.000000
507   -2.241848 2.036250 0.000000
508   -2.265349 1.854528 0.000000
509   -2.286706 1.671405 0.000000
510   -2.305808 1.487120 0.000000
511   -2.322576 1.301918 0.000000
512   -2.336969 1.116051 0.000000
513   -2.348976 0.929767 0.000000
514   -2.358621 0.743306 0.000000
515   -2.365957 0.556897 0.000000
516   -2.371062 0.370751 0.000000
517   -2.374037 0.185061 0.000000
518   -2.375000 0.000000 0.000000
519   0.000000 2.250000 0.000000
520   -0.086828 2.249482 0.000000
521   -0.173656 2.248963 0.000000
522   -0.260822 2.247361 0.000000
523   -0.347988 2.245759 0.000000
524   -0.435400 2.243010 0.000000
525   -0.522812 2.240261 0.000000
526   -0.610366 2.236311 0.000000
527   -0.697919 2.232361 0.000000
528   -0.785501 2.227168 0.000000
529   -0.873082 2.221974 0.000000
530   -0.960569 2.215509 0.000000
531   -1.048055 2.209043 0.000000
532   -1.135317 2.201293 0.000000
533   -1.222579 2.193544 0.000000
534   -1.309482 2.184514 0.000000
535   -1.396385 2.175485 0.000000
536   -1.482796 2.165200 0.000000
537   -1.569206 2.154914 0.000000
538   -1.654990 2.143414 0.000000
539   -1.740773 2.131914 0.000000
540   -1.825803 2.119260 0.000000
541   -1.910833 2.106606 0.000000
542   -1.994989 2.092876 0.000000
543   -2.079146 2.079146 0.000000
544   -2.092876 1.994989 0.000000
545   -2.106606 1.910833 0.000000
546   -2.119260 1.825803 0.000000
547   -2.131914 1.740773 0.000000
548   -2.143414 1.654990 0.000000
549   -2.154914 1.569206 0.000000
550   -2.165200 1.482796 0.000000
551   -2.175485 1.396385 0.000000
552   -2.184514 1.309482 0.000000
553   -2.193544 1.222579 0.000000
554   -2.201293 1.135317 0.000000
555   -2.209043 1.048055 0.000000
556   -2.215509 0.960569 0.000000
557   -2.221974 0.873082 0.000000
558   -2.227168 0.785501 0.000000
559   -2.232361 0.697919 0.000000
560   -2.236311 0.610366 0.000000
561   -2.240261 0.522812 0.000000
562   -2.243010 0.435400 0.000000
563   -2.245759 0.347988 0.000000
564   -2.247361 0.260822 0.000000
565   -2.248963 0.173656 0.000000
566   -2.249482 0.086828 0.000000
567   -2.250000 0.000000 0.000000
568   0.000000 2.125000 0.000000
569   -0.162250 2.123889 0.000000
570   -0.325225 2.120456 0.000000
571   -0.488727 2.114566 0.000000
572   -0.652533 2.106101 0.000000
573   -0.816398 2.094972 0.000000
574   -0.980059 2.081118 0.000000
575   -1.143239 2.064511 0.000000
576   -1.305651 2.045163 0.000000
577   -1.467006 2.023122 0.000000
578   -1.627019 1.998479 0.000000
579   -1.785416 1.971363 0.000000
580   -1.941942 1.941942 0.000000
581   -1.971363 1.785416 0.000000
582   -1.998479 1.627019 0.000000
583   -2.023122 1.467006 0.000000
584   -2.045163 1.305651 0.000000
585   -2.064511 1.143239 0.000000
586   -2.081118 0.980059 0.000000
587   -2.094972 0.816398 0.000000
588   -2.106101 0.652533 0.000000
589   -2.114566 0.488727 0.000000
590   -2.120456 0.325225 0.000000
591   -2.123889 0.162250 0.000000
592   -2.125000 0.000000 0.000000
593   0.000000 2.000000 0.000000
594   -0.075422 1.999407 0.000000
595   -0.150845 1.998815 0.000000
596   -0.226654 1.996984 0.000000
597   -0.302463 1.995154 0.000000
598   -0.378552 1.992012 0.000000
599   -0.454642 1.988870 0.000000
600   -0.530894 1.984356 0.000000
601   -0.607146 1.979841 0.000000
602   -0.683430 1.973906 0.000000
603   -0.759713 1.967970 0.000000
604   -0.835888 1.960581 0.000000
605   -0.912063 1.953192 0.000000
606   -0.987981 1.944335 0.000000
607   -1.063899 1.935479 0.000000
608   -1.139408 1.925159 0.000000
609   -1.214917 1.914840 0.000000
610   -1.289862 1.903085 0.000000
611   -1.364807 1.891330 0.000000
612   -1.439036 1.878187 0.000000
613   -1.513265 1.865044 0.000000
614   -1.586632 1.850583 0.000000
615   -1.660000 1.836121 0.000000
616   -1.732369 1.820429 0.000000
617   -1.804738 1.804738 0.000000
618   -1.820429 1.732369 0.000000
619   -1.836121 1.660000 0.000000
620   -1.850583 1.586632 0.000000
621   -1.865044 1.513265 0.000000
622   -1.878187 1.439036 0.000000
623   -1.891330 1.364807 0.000000
624   -1.903085 1.289862 0.000000
625   -1.914840 1.214917 0.000000
626   -1.925159 1.139408 0.000000
627   -1.935479 1.063899 0.000000
628   -1.944335 0.987981 0.000000
629   -1.953192 0.912063 0.000000
630   -1.960581 0.835888 0.000000
631   -1.967970 0.759713 0.000000
632   -1.973906 0.683430 0.000000
633   -1.979841 0.607146 0.000000
634   -1.984356 0.530894 0.000000
635   -1.988870 0.454642 0.000000
636   -1.992012 0.378552 0.000000
637   -1.995154 0.302463 0.000000
638   -1.996984 0.226654 0.000000
639   -1.998815 0.150845 0.000000
640   -1.999407 0.075422 0.000000
641   -2.000000 0.000000 0.000000
642   0.000000 1.875000 0.000000
643   -0.139439 1.873741 0.000000
644   -0.279700 1.869851 0.000000
645   -0.420557 1.863175 0.000000
646   -0.561759 1.853581 0.000000
647   -0.703029 1.840968 0.000000
648   -0.844067 1.825267 0.000000
649   -0.984560 1.806446 0.000000
650   -1.124182 1.784518 0.000000
651   -1.262607 1.759538 0.000000
652   -1.399511 1.731610 0.000000
653   -1.534583 1.700878 0.000000
654   -1.667534 1.667534 0.000000
655   -1.700878 1.534583 0.000000
656   -1.731610 1.399511 0.000000
657   -1.759538 1.262607 0.000000
658   -1.784518 1.124182 0.000000
659   -1.806446 0.984560 0.000000
660   -1.825267 0.844067 0.000000
661   -1.840968 0.703029 0.000000
662   -1.853581 0.561759 0.000000
663   -1.863175 0.420557 0.000000
664   -1.869851 0.279700 0.000000
665   -1.873741 0.139439 0.000000
666   -1.875000 0.000000 0.000000
667   0.000000 1.750000 0.000000
668   -0.064017 1.749333 0.000000
669   -0.128034 1.748667 0.000000
670   -0.192485 1.746607 0.000000
671   -0.256937 1.744548 0.000000
672   -0.321705 1.741013 0.000000
673   -0.386472 1.737479 0.000000
674   -0.451422 1.732400 0.000000
675   -0.516373 1.727322 0.000000
676   -0.581358 1.720644 0.000000
677   -0.646344 1.713967 0.000000
678   -0.711208 1.705654 0.000000
679   -0.776071 1.697341 0.000000
680   -0.840646 1.687377 0.000000
681   -0.905220 1.677413 0.000000
682   -0.969334 1.665804 0.000000
683   -1.033448 1.654195 0.000000
684   -1.096928 1.640971 0.000000
685   -1.160407 1.627747 0.000000
686   -1.223082 1.612961 0.000000
687   -1.285756 1.598175 0.000000
688   -1.347461 1.581905 0.000000
689   -1.409166 1.565636 0.000000
690   -1.469748 1.547983 0.000000
691   -1.530330 1.530330 0.000000
692   -1.547983 1.469748 0.000000
693   -1.565636 1.409166 0.000000
694   -1.581905 1.347461 0.000000
695   -1.598175 1.285756 0.000000
696   -1.612961 1.223082 0.000000
697   -1.627747 1.160407 0.000000
698   -1.640971 1.096928 0.000000
699   -1.654195 1.033448 0.000000
700   -1.665804 0.969334 0.000000
701   -1.677413 0.905220 0.000000
702   -1.687377 0.840646 0.000000
703   -1.697341 0.776071 0.000000
704   -1.705654 0.711208 0.000000
705   -1.713967 0.646344 0.000000
706   -1.720644 0.581358 0.000000
707   -1.727322 0.516373 0.000000
708   -1.732400 0.451422 0.000000
709   -1.737479 0.386472 0.000000
710   -1.741013 0.321705 0.000000
711   -1.744548 0.256937 0.000000
712   -1.746607 0.192485 0.000000
713   -1.748667 0.128034 0.000000
714   -1.749333 0.064017 0.000000
715   -1.750000 0.000000 0.000000
716   0.000000 1.625000 0.000000
717   -0.116628 1.623593 0.000000
718   -0.234174 1.619245 0.000000
719   -0.352387 1.611783 0.000000
720   -0.470986 1.601062 0.000000
721   -0.589660 1.586965 0.000000
722   -0.708075 1.569416 0.000000
723   -0.825881 1.548381 0.000000
724   -0.942714 1.523873 0.000000
725   -1.058208 1.495955 0.000000
726   -1.172002 1.464740 0.000000
727   -1.283750 1.430393 0.000000
728   -1.393126 1.393126 0.000000
729   -1.430393 1.283750 0.000000
730   -1.464740 1.172002 0.000000
731   -1.495955 1.058208 0.000000
732   -1.523873 0.942714 0.000000
733   -1.548381 0.825881 0.000000
734   -1.569416 0.708075 0.000000
735   -1.586965 0.589660 0.000000
736   -1.601062 0.470986 0.000000
737   -1.611783 0.352387 0.000000
738   -1.619245 0.234174 0.000000
739   -1.623593 0.116628 0.000000
740   -1.625000 0.000000 0.000000
741   0.000000 1.500000 0.000000
742   -0.052611 1.499259 0.000000
743   -0.105223 1.498519 0.000000
744   -0.158317 1.496230 0.000000
745   -0.211412 1.493942 0.000000
746   -0.264857 1.490015 0.000000
747   -0.318303 1.486088 0.000000
748   -0.371951 1.480445 0.000000
749   -0.425599 1.474802 0.000000
750   -0.479287 1.467382 0.000000
751   -0.532975 1.459963 0.000000
752   -0.586527 1.450727 0.000000
753   -0.640079 1.441490 0.000000
754   -0.693310 1.430419 0.000000
755   -0.746541 1.419348 0.000000
756   -0.799260 1.406449 0.000000
757   -0.851979 1.393550 0.000000
758   -0.903994 1.378857 0.000000
759   -0.956008 1.364163 0.000000
760   -1.007128 1.347734 0.000000
761   -1.058248 1.331306 0.000000
762   -1.108290 1.313228 0.000000
763   -1.158333 1.295151 0.000000
764   -1.207128 1.275537 0.000000
765   -1.255922 1.255922 0.000000
766   -1.275537 1.207128 0.000000
767   -1.295151 1.158333 0.000000
768   -1.313228 1.108290 0.000000
769   -1.331306 1.058248 0.000000
770   -1.347734 1.007128 0.000000
771   -1.364163 0.956008 0.000000
772   -1.378857 0.903994 0.000000
773   -1.393550 0.851979 0.000000
774   -1.406449 0.799260 0.000000
775   -1.419348 0.746541 0.000000
776   -1.430419 0.693310 0.000000
777   -1.441490 0.640079 0.000000
778   -1.450727 0.586527 0.000000
779   -1.459963 0.532975 0.000000
780   -1.467382 0.479287 0.000000
781   -1.474802 0.425599 0.000000
782   -1.480445 0.371951 0.000000
783   -1.486088 0.318303 0.000000
784   -1.490015 0.264857 0.000000
785   -1.493942 0.211412 0.000000
786   -1.496230 0.158317 0.000000
787   -1.498519 0.105223 0.000000
788   -1.499259 0.052611 0.000000
789   -1.500000 0.000000 0.000000
790   0.000000 1.375000 0.000000
791   -0.093817 1.373445 0.000000
792   -0.188649 1.368639 0.000000
793   -0.284218 1.360392 0.000000
794   -0.380212 1.348542 0.000000
795   -0.476290 1.332961 0.000000
796   -0.572083 1.313565 0.000000
797   -0.667201 1.290316 0.000000
798   -0.761245 1.263228 0.000000
799   -0.853809 1.232371 0.000000
800   -0.944494 1.197871 0.000000
801   -1.032916 1.159909 0.000000
802   -1.118718 1.118718 0.000000
803   -1.159909 1.032916 0.000000
804   -1.197871 0.944494 0.000000
805   -1.232371 0.853809 0.000000
806   -1.263228 0.761245 0.000000
807   -1.290316 0.667201 0.000000
808   -1.313565 0.572083 0.000000
809   -1.332961 0.476290 0.000000
810   -1.348542 0.380212 0.000000
811   -1.360392 0.284218 0.000000
812   -1.368639 0.188649 0.000000
813   -1.373445 0.093817 0.000000
814   -1.375000 0.000000 0.000000
815   0.000000 1.250000 0.000000
816   -0.041206 1.249185 0.000000
817   -0.082412 1.248370 0.000000
818   -0.124149 1.245853 0.000000
819   -0.165886 1.243336 0.000000
820   -0.208009 1.239016 0.000000
821   -0.250133 1.234697 0.000000
822   -0.292479 1.228489 0.000000
823   -0.334826 1.222282 0.000000
824   -0.377216 1.214121 0.000000
825   -0.419606 1.205959 0.000000
826   -0.461846 1.195799 0.000000
827   -0.504087 1.185639 0.000000
828   -0.545974 1.173461 0.000000
829   -0.587862 1.161283 0.000000
830   -0.629186 1.147094 0.000000
831   -0.670510 1.132905 0.000000
832   -0.711060 1.116742 0.000000
833   -0.751609 1.100579 0.000000
834   -0.791174 1.082508 0.000000
835   -0.830739 1.064436 0.000000
836   -0.869120 1.044551 0.000000
837   -0.907500 1.024666 0.000000
838   -0.944507 1.003090 0.000000
839   -0.981515 0.981515 0.000000
840   -1.003090 0.944507 0.000000
841   -1.024666 0.907500 0.000000
842   -1.044551 0.869120 0.000000
843   -1.064436 0.830739 0.000000
844   -1.082508 0.791174 0.000000
845   -1.100579 0.751609 0.000000
846   -1.116742 0.711060 0.000000
847   -1.132905 0.670510 0.000000
848   -1.147094 0.629186 0.000000
849   -1.161283 0.587862 0.000000
850   -1.173461 0.545974 0.000000
851   -1.185639 0.504087 0.000000
852   -1.195799 0.461846 0.000000
853   -1.205959 0.419606 0.000000
854   -1.214121 0.377216 0.000000
855   -1.222282 0.334826 0.000000
856   -1.228489 0.292479 0.000000
857   -1.234697 0.250133 0.000000
858   -1.239016 0.208009 0.000000
859   -1.243336 0.165886 0.000000
860   -1.245853 0.124149 0.000000
861   -1.248370 0.082412 0.000000
862   -1.249185 0.041206 0.000000
863   -1.250000 0.000000 0.000000
864   0.000000 1.125000 0.000000
865   -0.071006 1.123296 0.000000
866   -0.143123 1.118033 0.000000
867   -0.216048 1.109001 0.000000
868   -0.289439 1.096022 0.000000
869   -0.362921 1.078957 0.000000
870   -0.436091 1.057714 0.000000
871   -0.508522 1.032250 0.000000
872   -0.579776 1.002583 0.000000
873   -0.649409 0.968787 0.000000
874   -0.716985 0.931001 0.000000
875   -0.782083 0.889424 0.000000
876   -0.844311 0.844311 0.000000
877   -0.889424 0.782083 0.000000
878   -0.931001 0.716985 0.000000
879   -0.968787 0.649409 0.000000
880   -1.002583 0.579776 0.000000
881   -1.032250 0.508522 0.000000
882   -1.057714 0.436091 0.000000
883   -1.078957 0.362921 0.000000
884   -1.096022 0.289439 0.000000
885   -1.109001 0.216048 0.000000
886   -1.118033 0.143123 0.000000
887   -1.123296 0.071006 0.000000
888   -1.125000 0.000000 0.000000
889   0.000000 1.000000 0.000000
890   -0.029637 0.999561 0.000000
891   -0.059601 0.998222 0.000000
892   -0.089854 0.995955 0.000000
893   -0.120360 0.992730 0.000000
894   -0.151078 0.988522 0.000000
895   -0.181963 0.983305 0.000000
896   -0.212971 0.977059 0.000000
897   -0.244052 0.969762 0.000000
898   -0.275158 0.961399 0.000000
899   -0.306237 0.951955 0.000000
900   -0.337234 0.941421 0.000000
901   -0.368095 0.929788 0.000000
902   -0.398763 0.917054 0.000000
903   -0.429182 0.903218 0.000000
904   -0.459295 0.888284 0.000000
905   -0.489042 0.872260 0.000000
906   -0.518366 0.855159 0.000000
907   -0.547210 0.836996 0.000000
908   -0.575517 0.817790 0.000000
909   -0.603231 0.797567 0.000000
910   -0.630298 0.776353 0.000000
911   -0.656666 0.754181 0.000000
912   -0.682285 0.731086 0.000000
913   -0.707107 0.707107 0.000000
914   -0.731086 0.682285 0.000000
915   -0.754181 0.656666 0.000000
916   -0.776353 0.630298 0.000000
917   -0.797567 0.603231 0.000000
918   -0.817790 0.575517 0.000000
919   -0.836996 0.547210 0.000000
920   -0.855159 0.518366 0.000000
921   -0.872260 0.489042 0.000000
922   -0.888284 0.459295 0.000000
923   -0.903218 0.429182 0.000000
924   -0.917054 0.398763 0.000000
925   -0.929788 0.368095 0.000000
926   -0.941421 0.337234 0.000000
927   -0.951955 0.306237 0.000000
928   -0.961399 0.275158 0.000000
929   -0.969762 0.244052 0.000000
930   -0.977059 0.212971 0.000000
931   -0.983305 0.181963 0.000000
932   -0.988522 0.151078 0.000000
933   -0.992730 0.120360 0.000000
934   -0.995955 0.089854 0.000000
935   -0.998222 0.059601 0.000000
936   -0.999561 0.029637 0.000000
937   -1.000000 0.000000 0.000000

%NODE.SUPPORT
50
1   1 0 0 0 0 0
49   0 1 0 0 0 0
50   1 0 0 0 0 0
74   0 1 0 0 0 0
75   1 0 0 0 0 0
123   0 1 0 0 0 0
124   1 0 0 0 0 0
148   0 1 0 0 0 0
149   1 0 0 0 0 0
197   0 1 0 0 0 0
198   1 0 0 0 0 0
222   0 1 0 0 0 0
223   1 0 0 0 0 0
271   0 1 0 0 0 0
272   1 0 0 0 0 0
296   0 1 0 0 0 0
297   1 0 0 0 0 0
345   0 1 0 0 0 0
346   1 0 0 0 0 0
370   0 1 0 0 0 0
371   1 0 0 0 0 0
419   0 1 0 0 0 0
420   1 0 0 0 0 0
444   0 1 0 0 0 0
445   1 0 0 0 0 0
493   0 1 0 0 0 0
494   1 0 0 0 0 0
518   0 1 0 0 0 0
519   1 0 0 0 0 0
567   0 1 0 0 0 0
568   1 0 0 0 0 0
592   0 1 0 0 0 0
593   1 0 0 0 0 0
641   0 1 0 0 0 0
642   1 0 0 0 0 0
666   0 1 0 0 0 0
667   1 0 0 0 0 0
715   0 1 0 0 0 0
716   1 0 0 0 0 0
740   0 1 0 0 0 0
741   1 0 0 0 0 0
789   0 1 0 0 0 0
790   1 0 0 0 0 0
814   0 1 0 0 0 0
815   1 0 0 0 0 0
863   0 1 0 0 0 0
864   1 0 0 0 0 0
888   0 1 0 0 0 0
889   1 0 0 0 0 0
937   0 1 0 0 0 0

%MATERIAL
1

%MATERIAL.ISOTROPIC
1
1   100000.0 0.300000

%THICKNESS
1
1   1.000000

%INTEGRATION.ORDER
4
1 1 1 1 1 1 1
2 3 3 1 3 3 1
3 1 1 1 1 1 1
4 3 3 1 3 3 1

%ELEMENT
288


%ELEMENT.Q8
288
1   1 1 4 1 2 3 51 77 76 75 50
2   1 1 4 75 76 77 125 151 150 149 124
3   1 1 4 149 150 151 199 225 224 223 198
4   1 1 4 223 224 225 273 299 298 297 272
5   1 1 4 297 298 299 347 373 372 371 346
6   1 1 4 371 372 373 421 447 446 445 420
7   1 1 4 445 446 447 495 521 520 519 494
8   1 1 4 519 520 521 569 595 594 593 568
9   1 1 4 593 594 595 643 669 668 667 642
10   1 1 4 667 668 669 717 743 742 741 716
11   1 1 4 741 742 743 791 817 816 815 790
12   1 1 4 815 816 817 865 891 890 889 864
13   1 1 4 3 4 5 52 79 78 77 51
14   1 1 4 77 78 79 126 153 152 151 125
15   1 1 4 151 152 153 200 227 226 225 199
16   1 1 4 225 226 227 274 301 300 299 273
17   1 1 4 299 300 301 348 375 374 373 347
18   1 1 4 373 374 375 422 449 448 447 421
19   1 1 4 447 448 449 496 523 522 521 495
20   1 1 4 521 522 523 570 597 596 595 569
21   1 1 4 595 596 597 644 671 670 669 643
22   1 1 4 669 670 671 718 745 744 743 717
23   1 1 4 743 744 745 792 819 818 817 791
24   1 1 4 817 818 819 866 893 892 891 865
25   1 1 4 5 6 7 53 81 80 79 52
26   1 1 4 79 80 81 127 155 154 153 126
27   1 1 4 153 154 155 201 229 228 227 200
28   1 1 4 227 228 229 275 303 302 301 274
29   1 1 4 301 302 303 349 377 376 375 348
30   1 1 4 375 376 377 423 451 450 449 422
31   1 1 4 449 450 451 497 525 524 523 496
32   1 1 4 523 524 525 571 599 598 597 570
33   1 1 4 597 598 599 645 673 672 671 644
34   1 1 4 671 672 673 719 747 746 745 718
35   1 1 4 745 746 747 793 821 820 819 792
36   1 1 4 819 820 821 867 895 894 893 866
37   1 1 4 7 8 9 54 83 82 81 53
38   1 1 4 81 82 83 128 157 156 155 127
39   1 1 4 155 156 157 202 231 230 229 201
40   1 1 4 229 230 231 276 305 304 303 275
41   1 1 4 303 304 305 350 379 378 377 349
42   1 1 4 377 378 379 424 453 452 451 423
43   1 1 4 451 452 453 498 527 526 525 497
44   1 1 4 525 526 527 572 601 600 599 571
45   1 1 4 599 600 601 646 675 674 673 645
46   1 1 4 673 674 675 720 749 748 747 719
47   1 1 4 747 748 749 794 823 822 821 793
48   1 1 4 821 822 823 868 897 896 895 867
49   1 1 4 9 10 11 55 85 84 83 54
50   1 1 4 83 84 85 129 159 158 157 128
51   1 1 4 157 158 159 203 233 232 231 202
52   1 1 4 231 232 233 277 307 306 305 276
53   1 1 4 305 306 307 351 381 380 379 350
54   1 1 4 379 380 381 425 455 454 453 424
55   1 1 4 453 454 455 499 529 528 527 498
56   1 1 4 527 528 529 573 603 602 601 572
57   1 1 4 601 602 603 647 677 676 675 646
58   1 1 4 675 676 677 721 751 750 749 720
59   1 1 4 749 750 751 795 825 824 823 794
60   1 1 4 823 824 825 869 899 898 897 868
61   1 1 4 11 12 13 56 87 86 85 55
62   1 1 4 85 86 87 130 161 160 159 129
63   1 1 4 159 160 161 204 235 234 233 203
64   1 1 4 233 234 235 278 309 308 307 277
65   1 1 4 307 308 309 352 383 382 381 351
66   1 1 4 381 382 383 426 457 456 455 425
67   1 1 4 455 456 457 500 531 530 529 499
68   1 1 4 529 530 531 574 605 604 603 573
69   1 1 4 603 604 605 648 679 678 677 647
70   1 1 4 677 678 679 722 753 752 751 721
71   1 1 4 751 752 753 796 827 826 825 795
72   1 1 4 825 826 827 870 901 900 899 869
73   1 1 4 13 14 15 57 89 88 87 56
74   1 1 4 87 88 89 131 163 162 161 130
75   1 1 4 161 162 163 205 237 236 235 204
76   1 1 4 235 236 237 279 311 310 309 278
77   1 1 4 309 310 311 353 385 384 383 352
78   1 1 4 383 384 385 427 459 458 457 426
79   1 1 4 457 458 459 501 533 532 531 500
80   1 1 4 531 532 533 575 607 606 605 574
81   1 1 4 605 606 607 649 681 680 679 648
82   1 1 4 679 680 681 723 755 754 753 722
83   1 1 4 753 754 755 797 829 828 827 796
84   1 1 4 827 828 829 871 903 902 901 870
85   1 1 4 15 16 17 58 91 90 89 57
86   1 1 4 89 90 91 132 165 164 163 131
87   1 1 4 163 164 165 206 239 238 237 205
88   1 1 4 237 238 239 280 313 312 311 279
89   1 1 4 311 312 313 354 387 386 385 353
90   1 1 4 385 386 387 428 461 460 459 427
91   1 1 4 459 460 461 502 535 534 533 501
92   1 1 4 533 534 535 576 609 608 607 575
93   1 1 4 607 608 609 650 683 682 681 649
94   1 1 4 681 682 683 724 757 756 755 723
95   1 1 4 755 756 757 798 831 830 829 797
96   1 1 4 829 830 831 872 905 904 903 871
97   1 1 4 17 18 19 59 93 92 91 58
98   1 1 4 91 92 93 133 167 166 165 132
99   1 1 4 165 166 167 207 241 240 239 206
100   1 1 4 239 240 241 281 315 314 313 280
101   1 1 4 313 314 315 355 389 388 387 354
102   1 1 4 387 388 389 429 463 462 461 428
103   1 1 4 461 462 463 503 537 536 535 502
104   1 1 4 535 536 537 577 611 610 609 576
105   1 1 4 609 610 611 651 685 684 683 650
106   1 1 4 683 684 685 725 759 758 757 724
107   1 1 4 757 758 759 799 833 832 831 798
108   1 1 4 831 832 833 873 907 906 905 872
109   1 1 4 19 20 21 60 95 94 93 59
110   1 1 4 93 94 95 134 169 168 167 133
111   1 1 4 167 168 169 208 243 242 241 207
112   1 1 4 241 242 243 282 317 316 315 281
113   1 1 4 315 316 317 356 391 390 389 355
114   1 1 4 389 390 391 430 465 464 463 429
115   1 1 4 463 464 465 504 539 538 537 503
116   1 1 4 537 538 539 578 613 612 611 577
117   1 1 4 611 612 613 652 687 686 685 651
118   1 1 4 685 686 687 726 761 760 759 725
119   1 1 4 759 760 761 800 835 834 833 799
120   1 1 4 833 834 835 874 909 908 907 873
121   1 1 4 21 22 23 61 97 96 95 60
122   1 1 4 95 96 97 135 171 170 169 134
123   1 1 4 169 170 171 209 245 244 243 208
124   1 1 4 243 244 245 283 319 318 317 282
125   1 1 4 317 318 319 357 393 392 391 356
126   1 1 4 391 392 393 431 467 466 465 430
127   1 1 4 465 466 467 505 541 540 539 504
128   1 1 4 539 540 541 579 615 614 613 578
129   1 1 4 613 614 615 653 689 688 687 652
130   1 1 4 687 688 689 727 763 762 761 726
131   1 1 4 761 762 763 801 837 836 835 800
132   1 1 4 835 836 837 875 911 910 909 874
133   1 1 4 23 24 25 62 99 98 97 61
134   1 1 4 97 98 99 136 173 172 171 135
135   1 1 4 171 172 173 210 247 246 245 209
136   1 1 4 245 246 247 284 321 320 319 283
137   1 1 4 319 320 321 358 395 394 393 357
138   1 1 4 393 394 395 432 469 468 467 431
139   1 1 4 467 468 469 506 543 542 541 505
140   1 1 4 541 542 543 580 617 616 615 579
141   1 1 4 615 616 617 654 691 690 689 653
142   1 1 4 689 690 691 728 765 764 763 727
143   1 1 4 763 764 765 802 839 838 837 801
144   1 1 4 837 838 839 876 913 912 911 875
145   1 1 4 25 26 27 63 101 100 99 62
146   1 1 4 99 100 101 137 175 174 173 136
147   1 1 4 173 174 175 211 249 248 247 210
148   1 1 4 247 248 249 285 323 322 321 284
149   1 1 4 321 322 323 359 397 396 395 358
150   1 1 4 395 396 397 433 471 470 469 432
151   1 1 4 469 470 471 507 545 544 543 506
152   1 1 4 543 544 545 581 619 618 617 580
153   1 1 4 617 618 619 655 693 692 691 654
154   1 1 4 691 692 693 729 767 766 765 728
155   1 1 4 765 766 767 803 841 840 839 802
156   1 1 4 839 840 841 877 915 914 913 876
157   1 1 4 27 28 29 64 103 102 101 63
158   1 1 4 101 102 103 138 177 176 175 137
159   1 1 4 175 176 177 212 251 250 249 211
160   1 1 4 249 250 251 286 325 324 323 285
161   1 1 4 323 324 325 360 399 398 397 359
162   1 1 4 397 398 399 434 473 472 471 433
163   1 1 4 471 472 473 508 547 546 545 507
164   1 1 4 545 546 547 582 621 620 619 581
165   1 1 4 619 620 621 656 695 694 693 655
166   1 1 4 693 694 695 730 769 768 767 729
167   1 1 4 767 768 769 804 843 842 841 803
168   1 1 4 841 842 843 878 917 916 915 877
169   1 1 4 29 30 31 65 105 104 103 64
170   1 1 4 103 104 105 139 179 178 177 138
171   1 1 4 177 178 179 213 253 252 251 212
172   1 1 4 251 252 253 287 327 326 325 286
173   1 1 4 325 326 327 361 401 400 399 360
174   1 1 4 399 400 401 435 475 474 473 434
175   1 1 4 473 474 475 509 549 548 547 508
176   1 1 4 547 548 549 583 623 622 621 582
177   1 1 4 621 622 623 657 697 696 695 656
178   1 1 4 695 696 697 731 771 770 769 730
179   1 1 4 769 770 771 805 845 844 843 804
180   1 1 4 843 844 845 879 919 918 917 878
181   1 1 4 31 32 33 66 107 106 105 65
182   1 1 4 105 106 107 140 181 180 179 139
183   1 1 4 179 180 181 214 255 254 253 213
184   1 1 4 253 254 255 288 329 328 327 287
185   1 1 4 327 328 329 362 403 402 401 361
186   1 1 4 401 402 403 436 477 476 475 435
187   1 1 4 475 476 477 510 551 550 549 509
188   1 1 4 549 550 551 584 625 624 623 583
189   1 1 4 623 624 625 658 699 698 697 657
190   1 1 4 697 698 699 732 773 772 771 731
191   1 1 4 771 772 773 806 847 846 845 805
192   1 1 4 845 846 847 880 921 920 919 879
193   1 1 4 33 34 35 67 109 108 107 66
194   1 1 4 107 108 109 141 183 182 181 140
195   1 1 4 181 182 183 215 257 256 255 214
196   1 1 4 255 256 257 289 331 330 329 288
197   1 1 4 329 330 331 363 405 404 403 362
198   1 1 4 403 404 405 437 479 478 477 436
199   1 1 4 477 478 479 511 553 552 551 510
200   1 1 4 551 552 553 585 627 626 625 584
201   1 1 4 625 626 627 659 701 700 699 658
202   1 1 4 699 700 701 733 775 774 773 732
203   1 1 4 773 774 775 807 849 848 847 806
204   1 1 4 847 848 849 881 923 922 921 880
205   1 1 4 35 36 37 68 111 110 109 67
206   1 1 4 109 110 111 142 185 184 183 141
207   1 1 4 183 184 185 216 259 258 257 215
208   1 1 4 257 258 259 290 333 332 331 289
209   1 1 4 331 332 333 364 407 406 405 363
210   1 1 4 405 406 407 438 481 480 479 437
211   1 1 4 479 480 481 512 555 554 553 511
212   1 1 4 553 554 555 586 629 628 627 585
213   1 1 4 627 628 629 660 703 702 701 659
214   1 1 4 701 702 703 734 777 776 775 733
215   1 1 4 775 776 777 808 851 850 849 807
216   1 1 4 849 850 851 882 925 924 923 881
217   1 1 4 37 38 39 69 113 112 111 68
218   1 1 4 111 112 113 143 187 186 185 142
219   1 1 4 185 186 187 217 261 260 259 216
220   1 1 4 259 260 261 291 335 334 333 290
221   1 1 4 333 334 335 365 409 408 407 364
222   1 1 4 407 408 409 439 483 482 481 438
223   1 1 4 481 482 483 513 557 556 555 512
224   1 1 4 555 556 557 587 631 630 629 586
225   1 1 4 629 630 631 661 705 704 703 660
226   1 1 4 703 704 705 735 779 778 777 734
227   1 1 4 777 778 779 809 853 852 851 808
228   1 1 4 851 852 853 883 927 926 925 882
229   1 1 4 39 40 41 70 115 114 113 69
230   1 1 4 113 114 115 144 189 188 187 143
231   1 1 4 187 188 189 218 263 262 261 217
232   1 1 4 261 262 263 292 337 336 335 291
233   1 1 4 335 336 337 366 411 410 409 365
234   1 1 4 409 410 411 440 485 484 483 439
235   1 1 4 483 484 485 514 559 558 557 513
236   1 1 4 557 558 559 588 633 632 631 587
237   1 1 4 631 632 633 662 707 706 705 661
238   1 1 4 705 706 707 736 781 780 779 735
239   1 1 4 779 780 781 810 855 854 853 809
240   1 1 4 853 854 855 884 929 928 927 883
241   1 1 4 41 42 43 71 117 116 115 70
242   1 1 4 115 116 117 145 191 190 189 144
243   1 1 4 189 190 191 219 265 264 263 218
244   1 1 4 263 264 265 293 339 338 337 292
245   1 1 4 337 338 339 367 413 412 411 366
246   1 1 4 411 412 413 441 487 486 485 440
247   1 1 4 485 486 487 515 561 560 559 514
248   1 1 4 559 560 561 589 635 634 633 588
249   1 1 4 633 634 635 663 709 708 707 662
250   1 1 4 707 708 709 737 783 782 781 736
251   1 1 4 781 782 783 811 857 856 855 810
252   1 1 4 855 856 857 885 931 930 929 884
253   1 1 4 43 44 45 72 119 118 117 71
254   1 1 4 117 118 119 146 193 192 191 145
255   1 1 4 191 192 193 220 267 266 265 219
256   1 1 4 265 266 267 294 341 340 339 293
257   1 1 4 339 340 341 368 415 414 413 367
258   1 1 4 413 414 415 442 489 488 487 441
259   1 1 4 487 488 489 516 563 562 561 515
260   1 1 4 561 562 563 590 637 636 635 589
261   1 1 4 635 636 637 664 711 710 709 663
262   1 1 4 709 710 711 738 785 784 783 737
263   1 1 4 783 784 785 812 859 858 857 811
264   1 1 4 857 858 859 886 933 932 931 885
265   1 1 4 45 46 47 73 121 120 119 72
266   1 1 4 119 120 121 147 195 194 193 146
267   1 1 4 193 194 195 221 269 268 267 220
268   1 1 4 267 268 269 295 343 342 341 294
269   1 1 4 341 342 343 369 417 416 415 368
270   1 1 4 415 416 417 443 491 490 489 442
271   1 1 4 489 490 491 517 565 564 563 516
272   1 1 4 563 564 565 591 639 638 637 590
273   1 1 4 637 638 639 665 713 712 711 664
274   1 1 4 711 712 713 739 787 786 785 738
275   1 1 4 785 786 787 813 861 860 859 812
276   1 1 4 859 860 861 887 935 934 933 886
277   1 1 4 47 48 49 74 123 122 121 73
278   1 1 4 121 122 123 148 197 196 195 147
279   1 1 4 195 196 197 222 271 270 269 221
280   1 1 4 269 270 271 296 345 344 343 295
281   1 1 4 343 344 345 370 419 418 417 369
282   1 1 4 417 418 419 444 493 492 491 443
283   1 1 4 491 492 493 518 567 566 565 517
284   1 1 4 565 566 567 592 641 640 639 591
285   1 1 4 639 640 641 666 715 714 713 665
286   1 1 4 713 714 715 740 789 788 787 739
287   1 1 4 787 788 789 814 863 862 861 813
288   1 1 4 861 862 863 888 937 936 935 887

%LOAD
1
1	'Load_Case_1'

%LOAD.CASE
1

%LOAD.CASE.LINE.FORCE.UNIFORM
24
277	49	47	0	1.000000	1.000000	0.000000
265	47	45	0	1.000000	1.000000	0.000000
253	45	43	0	1.000000	1.000000	0.000000
241	43	41	0	1.000000	1.000000	0.000000
229	41	39	0	1.000000	1.000000	0.000000
217	39	37	0	1.000000	1.000000	0.000000
205	37	35	0	1.000000	1.000000	0.000000
193	35	33	0	1.000000	1.000000	0.000000
181	33	31	0	1.000000	1.000000	0.000000
169	31	29	0	1.000000	1.000000	0.000000
157	29	27	0	1.000000	1.000000	0.000000
145	27	25	0	1.000000	1.000000	0.000000
133	25	23	0	1.000000	1.000000	0.000000
121	23	21	0	1.000000	1.000000	0.000000
109	21	19	0	1.000000	1.000000	0.000000
97	19	17	0	1.000000	1.000000	0.000000
85	17	15	0	1.000000	1.000000	0.000000
73	15	13	0	1.000000	1.000000	0.000000
61	13	11	0	1.000000	1.000000	0.000000
49	11	9	0	1.000000	1.000000	0.000000
37	9	7	0	1.000000	1.000000	0.000000
25	7	5	0	1.000000	1.000000	0.000000
13	5	3	0	1.000000	1.000000	0.000000
1	3	1	0	1.000000	1.000000	0.000000

%END