%HEADER
Output file created by FEMEP (version April/2023).
'File created by FEMEP program'

%HEADER.ANALYSIS
'plane_stress ISOPARAMETRIC'

%NODE
433

%NODE.COORD
433
1   0.000000 4.000000 0.000000
2   -0.250000 4.000000 0.000000
3   -0.500000 4.000000 0.000000
4   -0.750000 4.000000 0.000000
5   -1.000000 4.000000 0.000000
6   -1.250000 4.000000 0.000000
7   -1.500000 4.000000 0.000000
8   -1.750000 4.000000 0.000000
9   -2.000000 4.000000 0.000000
10   -2.250000 4.000000 0.000000
11   -2.500000 4.000000 0.000000
12   -2.750000 4.000000 0.000000
13   -3.000000 4.000000 0.000000
14   -3.250000 4.000000 0.000000
15   -3.500000 4.000000 0.000000
16   -3.750000 4.000000 0.000000
17   -4.000000 4.000000 0.000000
18   -4.000000 3.750000 0.000000
19   -4.000000 3.500000 0.000000
20   -4.000000 3.250000 0.000000
21   -4.000000 3.000000 0.000000
22   -4.000000 2.750000 0.000000
23   -4.000000 2.500000 0.000000
24   -4.000000 2.250000 0.000000
25   -4.000000 2.000000 0.000000
26   -4.000000 1.750000 0.000000
27   -4.000000 1.500000 0.000000
28   -4.000000 1.250000 0.000000
29   -4.000000 1.000000 0.000000
30   -4.000000 0.750000 0.000000
31   -4.000000 0.500000 0.000000
32   -4.000000 0.250000 0.000000
33   -4.000000 0.000000 0.000000
34   0.000000 3.812500 0.000000
35   -0.474366 3.812247 0.000000
36   -0.948873 3.811457 0.000000
37   -1.423447 3.810087 0.000000
38   -1.898006 3.808112 0.000000
39   -2.372456 3.805518 0.000000
40   -2.846701 3.802312 0.000000
41   -3.320644 3.798522 0.000000
42   -3.794194 3.794194 0.000000
43   -3.798522 3.320644 0.000000
44   -3.802312 2.846701 0.000000
45   -3.805518 2.372456 0.000000
46   -3.808112 1.898006 0.000000
47   -3.810087 1.423447 0.000000
48   -3.811457 0.948873 0.000000
49   -3.812247 0.474366 0.000000
50   -3.812500 0.000000 0.000000
51   0.000000 3.625000 0.000000
52   -0.224366 3.624747 0.000000
53   -0.448732 3.624494 0.000000
54   -0.673239 3.623704 0.000000
55   -0.897745 3.622913 0.000000
56   -1.122320 3.621544 0.000000
57   -1.346895 3.620175 0.000000
58   -1.571453 3.618199 0.000000
59   -1.796012 3.616224 0.000000
60   -2.020462 3.613630 0.000000
61   -2.244912 3.611036 0.000000
62   -2.469157 3.607830 0.000000
63   -2.693401 3.604624 0.000000
64   -2.917344 3.600834 0.000000
65   -3.141287 3.597044 0.000000
66   -3.364838 3.592716 0.000000
67   -3.588388 3.588388 0.000000
68   -3.592716 3.364838 0.000000
69   -3.597044 3.141287 0.000000
70   -3.600834 2.917344 0.000000
71   -3.604624 2.693401 0.000000
72   -3.607830 2.469157 0.000000
73   -3.611036 2.244912 0.000000
74   -3.613630 2.020462 0.000000
75   -3.616224 1.796012 0.000000
76   -3.618199 1.571453 0.000000
77   -3.620175 1.346895 0.000000
78   -3.621544 1.122320 0.000000
79   -3.622913 0.897745 0.000000
80   -3.623704 0.673239 0.000000
81   -3.624494 0.448732 0.000000
82   -3.624747 0.224366 0.000000
83   -3.625000 0.000000 0.000000
84   0.000000 3.437500 0.000000
85   -0.423098 3.436742 0.000000
86   -0.846618 3.434370 0.000000
87   -1.270342 3.430262 0.000000
88   -1.694018 3.424335 0.000000
89   -2.117368 3.416553 0.000000
90   -2.540102 3.406937 0.000000
91   -2.961931 3.395566 0.000000
92   -3.382583 3.382583 0.000000
93   -3.395566 2.961931 0.000000
94   -3.406937 2.540102 0.000000
95   -3.416553 2.117368 0.000000
96   -3.424335 1.694018 0.000000
97   -3.430262 1.270342 0.000000
98   -3.434370 0.846618 0.000000
99   -3.436742 0.423098 0.000000
100   -3.437500 0.000000 0.000000
101   0.000000 3.250000 0.000000
102   -0.198732 3.249494 0.000000
103   -0.397464 3.248989 0.000000
104   -0.596477 3.247408 0.000000
105   -0.795491 3.245826 0.000000
106   -0.994640 3.243088 0.000000
107   -1.193790 3.240350 0.000000
108   -1.392907 3.236398 0.000000
109   -1.592024 3.232447 0.000000
110   -1.790924 3.227259 0.000000
111   -1.989824 3.222071 0.000000
112   -2.188313 3.215660 0.000000
113   -2.386802 3.209249 0.000000
114   -2.584688 3.201669 0.000000
115   -2.782575 3.194088 0.000000
116   -2.979676 3.185432 0.000000
117   -3.176777 3.176777 0.000000
118   -3.185432 2.979676 0.000000
119   -3.194088 2.782575 0.000000
120   -3.201669 2.584688 0.000000
121   -3.209249 2.386802 0.000000
122   -3.215660 2.188313 0.000000
123   -3.222071 1.989824 0.000000
124   -3.227259 1.790924 0.000000
125   -3.232447 1.592024 0.000000
126   -3.236398 1.392907 0.000000
127   -3.240350 1.193790 0.000000
128   -3.243088 0.994640 0.000000
129   -3.245826 0.795491 0.000000
130   -3.247408 0.596477 0.000000
131   -3.248989 0.397464 0.000000
132   -3.249494 0.198732 0.000000
133   -3.250000 0.000000 0.000000
134   0.000000 3.062500 0.000000
135   -0.371830 3.061236 0.000000
136   -0.744363 3.057283 0.000000
137   -1.117237 3.050437 0.000000
138   -1.490030 3.040559 0.000000
139   -1.862280 3.027589 0.000000
140   -2.233503 3.011561 0.000000
141   -2.603218 2.992610 0.000000
142   -2.970971 2.970971 0.000000
143   -2.992610 2.603218 0.000000
144   -3.011561 2.233503 0.000000
145   -3.027589 1.862280 0.000000
146   -3.040559 1.490030 0.000000
147   -3.050437 1.117237 0.000000
148   -3.057283 0.744363 0.000000
149   -3.061236 0.371830 0.000000
150   -3.062500 0.000000 0.000000
151   0.000000 2.875000 0.000000
152   -0.173098 2.874242 0.000000
153   -0.346195 2.873483 0.000000
154   -0.519716 2.871111 0.000000
155   -0.693236 2.868740 0.000000
156   -0.866960 2.864632 0.000000
157   -1.040684 2.860525 0.000000
158   -1.214360 2.854598 0.000000
159   -1.388036 2.848671 0.000000
160   -1.561385 2.840889 0.000000
161   -1.734735 2.833107 0.000000
162   -1.907470 2.823490 0.000000
163   -2.080204 2.813873 0.000000
164   -2.252033 2.802503 0.000000
165   -2.423862 2.791132 0.000000
166   -2.594513 2.778149 0.000000
167   -2.765165 2.765165 0.000000
168   -2.778149 2.594513 0.000000
169   -2.791132 2.423862 0.000000
170   -2.802503 2.252033 0.000000
171   -2.813873 2.080204 0.000000
172   -2.823490 1.907470 0.000000
173   -2.833107 1.734735 0.000000
174   -2.840889 1.561385 0.000000
175   -2.848671 1.388036 0.000000
176   -2.854598 1.214360 0.000000
177   -2.860525 1.040684 0.000000
178   -2.864632 0.866960 0.000000
179   -2.868740 0.693236 0.000000
180   -2.871111 0.519716 0.000000
181   -2.873483 0.346195 0.000000
182   -2.874242 0.173098 0.000000
183   -2.875000 0.000000 0.000000
184   0.000000 2.687500 0.000000
185   -0.320561 2.685730 0.000000
186   -0.642109 2.680196 0.000000
187   -0.964132 2.670612 0.000000
188   -1.286041 2.656782 0.000000
189   -1.607191 2.638624 0.000000
190   -1.926904 2.616186 0.000000
191   -2.244505 2.589655 0.000000
192   -2.559359 2.559359 0.000000
193   -2.589655 2.244505 0.000000
194   -2.616186 1.926904 0.000000
195   -2.638624 1.607191 0.000000
196   -2.656782 1.286041 0.000000
197   -2.670612 0.964132 0.000000
198   -2.680196 0.642109 0.000000
199   -2.685730 0.320561 0.000000
200   -2.687500 0.000000 0.000000
201   0.000000 2.500000 0.000000
202   -0.147464 2.498989 0.000000
203   -0.294927 2.497977 0.000000
204   -0.442954 2.494815 0.000000
205   -0.590982 2.491653 0.000000
206   -0.739280 2.486176 0.000000
207   -0.887579 2.480699 0.000000
208   -1.035813 2.472797 0.000000
209   -1.184047 2.464894 0.000000
210   -1.331847 2.454518 0.000000
211   -1.479647 2.444142 0.000000
212   -1.626626 2.431320 0.000000
213   -1.773605 2.418498 0.000000
214   -1.919377 2.403337 0.000000
215   -2.065149 2.388177 0.000000
216   -2.209351 2.370865 0.000000
217   -2.353553 2.353553 0.000000
218   -2.370865 2.209351 0.000000
219   -2.388177 2.065149 0.000000
220   -2.403337 1.919377 0.000000
221   -2.418498 1.773605 0.000000
222   -2.431320 1.626626 0.000000
223   -2.444142 1.479647 0.000000
224   -2.454518 1.331847 0.000000
225   -2.464894 1.184047 0.000000
226   -2.472797 1.035813 0.000000
227   -2.480699 0.887579 0.000000
228   -2.486176 0.739280 0.000000
229   -2.491653 0.590982 0.000000
230   -2.494815 0.442954 0.000000
231   -2.497977 0.294927 0.000000
232   -2.498989 0.147464 0.000000
233   -2.500000 0.000000 0.000000
234   0.000000 2.312500 0.000000
235   -0.269293 2.310225 0.000000
236   -0.539854 2.303109 0.000000
237   -0.811026 2.290787 0.000000
238   -1.082053 2.273006 0.000000
239   -1.352103 2.249660 0.000000
240   -1.620305 2.220810 0.000000
241   -1.885793 2.186699 0.000000
242   -2.147748 2.147748 0.000000
243   -2.186699 1.885793 0.000000
244   -2.220810 1.620305 0.000000
245   -2.249660 1.352103 0.000000
246   -2.273006 1.082053 0.000000
247   -2.290787 0.811026 0.000000
248   -2.303109 0.539854 0.000000
249   -2.310225 0.269293 0.000000
250   -2.312500 0.000000 0.000000
251   0.000000 2.125000 0.000000
252   -0.121830 2.123736 0.000000
253   -0.243659 2.122472 0.000000
254   -0.366193 2.118519 0.000000
255   -0.488727 2.114566 0.000000
256   -0.611600 2.107720 0.000000
257   -0.734474 2.100874 0.000000
258   -0.857267 2.090996 0.000000
259   -0.980059 2.081118 0.000000
260   -1.102309 2.068148 0.000000
261   -1.224559 2.055178 0.000000
262   -1.345783 2.039150 0.000000
263   -1.467006 2.023122 0.000000
264   -1.586721 2.004171 0.000000
265   -1.706436 1.985221 0.000000
266   -1.824189 1.963581 0.000000
267   -1.941942 1.941942 0.000000
268   -1.963581 1.824189 0.000000
269   -1.985221 1.706436 0.000000
270   -2.004171 1.586721 0.000000
271   -2.023122 1.467006 0.000000
272   -2.039150 1.345783 0.000000
273   -2.055178 1.224559 0.000000
274   -2.068148 1.102309 0.000000
275   -2.081118 0.980059 0.000000
276   -2.090996 0.857267 0.000000
277   -2.100874 0.734474 0.000000
278   -2.107720 0.611600 0.000000
279   -2.114566 0.488727 0.000000
280   -2.118519 0.366193 0.000000
281   -2.122472 0.243659 0.000000
282   -2.123736 0.121830 0.000000
283   -2.125000 0.000000 0.000000
284   0.000000 1.937500 0.000000
285   -0.218025 1.934719 0.000000
286   -0.437600 1.926022 0.000000
287   -0.657921 1.910962 0.000000
288   -0.878065 1.889229 0.000000
289   -1.097015 1.860695 0.000000
290   -1.313707 1.825434 0.000000
291   -1.527080 1.783743 0.000000
292   -1.736136 1.736136 0.000000
293   -1.783743 1.527080 0.000000
294   -1.825434 1.313707 0.000000
295   -1.860695 1.097015 0.000000
296   -1.889229 0.878065 0.000000
297   -1.910962 0.657921 0.000000
298   -1.926022 0.437600 0.000000
299   -1.934719 0.218025 0.000000
300   -1.937500 0.000000 0.000000
301   0.000000 1.750000 0.000000
302   -0.096195 1.748483 0.000000
303   -0.192391 1.746966 0.000000
304   -0.289432 1.742223 0.000000
305   -0.386472 1.737479 0.000000
306   -0.483920 1.729264 0.000000
307   -0.581369 1.721049 0.000000
308   -0.678720 1.709195 0.000000
309   -0.776071 1.697341 0.000000
310   -0.872771 1.681777 0.000000
311   -0.969471 1.666213 0.000000
312   -1.064939 1.646980 0.000000
313   -1.160407 1.627747 0.000000
314   -1.254065 1.605006 0.000000
315   -1.347724 1.582265 0.000000
316   -1.439027 1.556297 0.000000
317   -1.530330 1.530330 0.000000
318   -1.556297 1.439027 0.000000
319   -1.582265 1.347724 0.000000
320   -1.605006 1.254065 0.000000
321   -1.627747 1.160407 0.000000
322   -1.646980 1.064939 0.000000
323   -1.666213 0.969471 0.000000
324   -1.681777 0.872771 0.000000
325   -1.697341 0.776071 0.000000
326   -1.709195 0.678720 0.000000
327   -1.721049 0.581369 0.000000
328   -1.729264 0.483920 0.000000
329   -1.737479 0.386472 0.000000
330   -1.742223 0.289432 0.000000
331   -1.746966 0.192391 0.000000
332   -1.748483 0.096195 0.000000
333   -1.750000 0.000000 0.000000
334   0.000000 1.562500 0.000000
335   -0.166757 1.559213 0.000000
336   -0.335345 1.548936 0.000000
337   -0.504816 1.531137 0.000000
338   -0.674077 1.505453 0.000000
339   -0.841927 1.471731 0.000000
340   -1.007108 1.430059 0.000000
341   -1.168367 1.380787 0.000000
342   -1.324524 1.324524 0.000000
343   -1.380787 1.168367 0.000000
344   -1.430059 1.007108 0.000000
345   -1.471731 0.841927 0.000000
346   -1.505453 0.674077 0.000000
347   -1.531137 0.504816 0.000000
348   -1.548936 0.335345 0.000000
349   -1.559213 0.166757 0.000000
350   -1.562500 0.000000 0.000000
351   0.000000 1.375000 0.000000
352   -0.070561 1.373230 0.000000
353   -0.141123 1.371461 0.000000
354   -0.212670 1.365926 0.000000
355   -0.284218 1.360392 0.000000
356   -0.356241 1.350808 0.000000
357   -0.428263 1.341224 0.000000
358   -0.500173 1.327394 0.000000
359   -0.572083 1.313565 0.000000
360   -0.643233 1.295407 0.000000
361   -0.714383 1.277249 0.000000
362   -0.784096 1.254810 0.000000
363   -0.853809 1.232371 0.000000
364   -0.921410 1.205840 0.000000
365   -0.989011 1.179309 0.000000
366   -1.053865 1.149014 0.000000
367   -1.118718 1.118718 0.000000
368   -1.149014 1.053865 0.000000
369   -1.179309 0.989011 0.000000
370   -1.205840 0.921410 0.000000
371   -1.232371 0.853809 0.000000
372   -1.254810 0.784096 0.000000
373   -1.277249 0.714383 0.000000
374   -1.295407 0.643233 0.000000
375   -1.313565 0.572083 0.000000
376   -1.327394 0.500173 0.000000
377   -1.341224 0.428263 0.000000
378   -1.350808 0.356241 0.000000
379   -1.360392 0.284218 0.000000
380   -1.365926 0.212670 0.000000
381   -1.371461 0.141123 0.000000
382   -1.373230 0.070561 0.000000
383   -1.375000 0.000000 0.000000
384   0.000000 1.187500 0.000000
385   -0.115489 1.183708 0.000000
386   -0.233090 1.171849 0.000000
387   -0.351711 1.151312 0.000000
388   -0.470089 1.121677 0.000000
389   -0.586839 1.082766 0.000000
390   -0.700509 1.034683 0.000000
391   -0.809654 0.977831 0.000000
392   -0.912913 0.912913 0.000000
393   -0.977831 0.809654 0.000000
394   -1.034683 0.700509 0.000000
395   -1.082766 0.586839 0.000000
396   -1.121677 0.470089 0.000000
397   -1.151312 0.351711 0.000000
398   -1.171849 0.233090 0.000000
399   -1.183708 0.115489 0.000000
400   -1.187500 0.000000 0.000000
401   0.000000 1.000000 0.000000
402   -0.044580 0.999006 0.000000
403   -0.089854 0.995955 0.000000
404   -0.135695 0.990751 0.000000
405   -0.181963 0.983305 0.000000
406   -0.228505 0.973543 0.000000
407   -0.275158 0.961399 0.000000
408   -0.321749 0.946825 0.000000
409   -0.368095 0.929788 0.000000
410   -0.414008 0.910273 0.000000
411   -0.459295 0.888284 0.000000
412   -0.503760 0.863844 0.000000
413   -0.547210 0.836996 0.000000
414   -0.589451 0.807804 0.000000
415   -0.630298 0.776353 0.000000
416   -0.669572 0.742747 0.000000
417   -0.707107 0.707107 0.000000
418   -0.742747 0.669572 0.000000
419   -0.776353 0.630298 0.000000
420   -0.807804 0.589451 0.000000
421   -0.836996 0.547210 0.000000
422   -0.863844 0.503760 0.000000
423   -0.888284 0.459295 0.000000
424   -0.910273 0.414008 0.000000
425   -0.929788 0.368095 0.000000
426   -0.946825 0.321749 0.000000
427   -0.961399 0.275158 0.000000
428   -0.973543 0.228505 0.000000
429   -0.983305 0.181963 0.000000
430   -0.990751 0.135695 0.000000
431   -0.995955 0.089854 0.000000
432   -0.999006 0.044580 0.000000
433   -1.000000 0.000000 0.000000

%NODE.SUPPORT
34
1   1 0 0 0 0 0
33   0 1 0 0 0 0
34   1 0 0 0 0 0
50   0 1 0 0 0 0
51   1 0 0 0 0 0
83   0 1 0 0 0 0
84   1 0 0 0 0 0
100   0 1 0 0 0 0
101   1 0 0 0 0 0
133   0 1 0 0 0 0
134   1 0 0 0 0 0
150   0 1 0 0 0 0
151   1 0 0 0 0 0
183   0 1 0 0 0 0
184   1 0 0 0 0 0
200   0 1 0 0 0 0
201   1 0 0 0 0 0
233   0 1 0 0 0 0
234   1 0 0 0 0 0
250   0 1 0 0 0 0
251   1 0 0 0 0 0
283   0 1 0 0 0 0
284   1 0 0 0 0 0
300   0 1 0 0 0 0
301   1 0 0 0 0 0
333   0 1 0 0 0 0
334   1 0 0 0 0 0
350   0 1 0 0 0 0
351   1 0 0 0 0 0
383   0 1 0 0 0 0
384   1 0 0 0 0 0
400   0 1 0 0 0 0
401   1 0 0 0 0 0
433   0 1 0 0 0 0

%MATERIAL
1

%MATERIAL.ISOTROPIC
1
1   100000.0 0.300000

%THICKNESS
1
1   1.000000

%INTEGRATION.ORDER
4
1 1 1 1 1 1 1
2 3 3 1 3 3 1
3 1 1 1 1 1 1
4 3 3 1 3 3 1

%ELEMENT
128


%ELEMENT.Q8
128
1   1 1 4 1 2 3 35 53 52 51 34
2   1 1 4 51 52 53 85 103 102 101 84
3   1 1 4 101 102 103 135 153 152 151 134
4   1 1 4 151 152 153 185 203 202 201 184
5   1 1 4 201 202 203 235 253 252 251 234
6   1 1 4 251 252 253 285 303 302 301 284
7   1 1 4 301 302 303 335 353 352 351 334
8   1 1 4 351 352 353 385 403 402 401 384
9   1 1 4 3 4 5 36 55 54 53 35
10   1 1 4 53 54 55 86 105 104 103 85
11   1 1 4 103 104 105 136 155 154 153 135
12   1 1 4 153 154 155 186 205 204 203 185
13   1 1 4 203 204 205 236 255 254 253 235
14   1 1 4 253 254 255 286 305 304 303 285
15   1 1 4 303 304 305 336 355 354 353 335
16   1 1 4 353 354 355 386 405 404 403 385
17   1 1 4 5 6 7 37 57 56 55 36
18   1 1 4 55 56 57 87 107 106 105 86
19   1 1 4 105 106 107 137 157 156 155 136
20   1 1 4 155 156 157 187 207 206 205 186
21   1 1 4 205 206 207 237 257 256 255 236
22   1 1 4 255 256 257 287 307 306 305 286
23   1 1 4 305 306 307 337 357 356 355 336
24   1 1 4 355 356 357 387 407 406 405 386
25   1 1 4 7 8 9 38 59 58 57 37
26   1 1 4 57 58 59 88 109 108 107 87
27   1 1 4 107 108 109 138 159 158 157 137
28   1 1 4 157 158 159 188 209 208 207 187
29   1 1 4 207 208 209 238 259 258 257 237
30   1 1 4 257 258 259 288 309 308 307 287
31   1 1 4 307 308 309 338 359 358 357 337
32   1 1 4 357 358 359 388 409 408 407 387
33   1 1 4 9 10 11 39 61 60 59 38
34   1 1 4 59 60 61 89 111 110 109 88
35   1 1 4 109 110 111 139 161 160 159 138
36   1 1 4 159 160 161 189 211 210 209 188
37   1 1 4 209 210 211 239 261 260 259 238
38   1 1 4 259 260 261 289 311 310 309 288
39   1 1 4 309 310 311 339 361 360 359 338
40   1 1 4 359 360 361 389 411 410 409 388
41   1 1 4 11 12 13 40 63 62 61 39
42   1 1 4 61 62 63 90 113 112 111 89
43   1 1 4 111 112 113 140 163 162 161 139
44   1 1 4 161 162 163 190 213 212 211 189
45   1 1 4 211 212 213 240 263 262 261 239
46   1 1 4 261 262 263 290 313 312 311 289
47   1 1 4 311 312 313 340 363 362 361 339
48   1 1 4 361 362 363 390 413 412 411 389
49   1 1 4 13 14 15 41 65 64 63 40
50   1 1 4 63 64 65 91 115 114 113 90
51   1 1 4 113 114 115 141 165 164 163 140
52   1 1 4 163 164 165 191 215 214 213 190
53   1 1 4 213 214 215 241 265 264 263 240
54   1 1 4 263 264 265 291 315 314 313 290
55   1 1 4 313 314 315 341 365 364 363 340
56   1 1 4 363 364 365 391 415 414 413 390
57   1 1 4 15 16 17 42 67 66 65 41
58   1 1 4 65 66 67 92 117 116 115 91
59   1 1 4 115 116 117 142 167 166 165 141
60   1 1 4 165 166 167 192 217 216 215 191
61   1 1 4 215 216 217 242 267 266 265 241
62   1 1 4 265 266 267 292 317 316 315 291
63   1 1 4 315 316 317 342 367 366 365 341
64   1 1 4 365 366 367 392 417 416 415 391
65   1 1 4 17 18 19 43 69 68 67 42
66   1 1 4 67 68 69 93 119 118 117 92
67   1 1 4 117 118 119 143 169 168 167 142
68   1 1 4 167 168 169 193 219 218 217 192
69   1 1 4 217 218 219 243 269 268 267 242
70   1 1 4 267 268 269 293 319 318 317 292
71   1 1 4 317 318 319 343 369 368 367 342
72   1 1 4 367 368 369 393 419 418 417 392
73   1 1 4 19 20 21 44 71 70 69 43
74   1 1 4 69 70 71 94 121 120 119 93
75   1 1 4 119 120 121 144 171 170 169 143
76   1 1 4 169 170 171 194 221 220 219 193
77   1 1 4 219 220 221 244 271 270 269 243
78   1 1 4 269 270 271 294 321 320 319 293
79   1 1 4 319 320 321 344 371 370 369 343
80   1 1 4 369 370 371 394 421 420 419 393
81   1 1 4 21 22 23 45 73 72 71 44
82   1 1 4 71 72 73 95 123 122 121 94
83   1 1 4 121 122 123 145 173 172 171 144
84   1 1 4 171 172 173 195 223 222 221 194
85   1 1 4 221 222 223 245 273 272 271 244
86   1 1 4 271 272 273 295 323 322 321 294
87   1 1 4 321 322 323 345 373 372 371 344
88   1 1 4 371 372 373 395 423 422 421 394
89   1 1 4 23 24 25 46 75 74 73 45
90   1 1 4 73 74 75 96 125 124 123 95
91   1 1 4 123 124 125 146 175 174 173 145
92   1 1 4 173 174 175 196 225 224 223 195
93   1 1 4 223 224 225 246 275 274 273 245
94   1 1 4 273 274 275 296 325 324 323 295
95   1 1 4 323 324 325 346 375 374 373 345
96   1 1 4 373 374 375 396 425 424 423 395
97   1 1 4 25 26 27 47 77 76 75 46
98   1 1 4 75 76 77 97 127 126 125 96
99   1 1 4 125 126 127 147 177 176 175 146
100   1 1 4 175 176 177 197 227 226 225 196
101   1 1 4 225 226 227 247 277 276 275 246
102   1 1 4 275 276 277 297 327 326 325 296
103   1 1 4 325 326 327 347 377 376 375 346
104   1 1 4 375 376 377 397 427 426 425 396
105   1 1 4 27 28 29 48 79 78 77 47
106   1 1 4 77 78 79 98 129 128 127 97
107   1 1 4 127 128 129 148 179 178 177 147
108   1 1 4 177 178 179 198 229 228 227 197
109   1 1 4 227 228 229 248 279 278 277 247
110   1 1 4 277 278 279 298 329 328 327 297
111   1 1 4 327 328 329 348 379 378 377 347
112   1 1 4 377 378 379 398 429 428 427 397
113   1 1 4 29 30 31 49 81 80 79 48
114   1 1 4 79 80 81 99 131 130 129 98
115   1 1 4 129 130 131 149 181 180 179 148
116   1 1 4 179 180 181 199 231 230 229 198
117   1 1 4 229 230 231 249 281 280 279 248
118   1 1 4 279 280 281 299 331 330 329 298
119   1 1 4 329 330 331 349 381 380 379 348
120   1 1 4 379 380 381 399 431 430 429 398
121   1 1 4 31 32 33 50 83 82 81 49
122   1 1 4 81 82 83 100 133 132 131 99
123   1 1 4 131 132 133 150 183 182 181 149
124   1 1 4 181 182 183 200 233 232 231 199
125   1 1 4 231 232 233 250 283 282 281 249
126   1 1 4 281 282 283 300 333 332 331 299
127   1 1 4 331 332 333 350 383 382 381 349
128   1 1 4 381 382 383 400 433 432 431 399

%LOAD
1
1	'Load_Case_1'

%LOAD.CASE
1

%LOAD.CASE.LINE.FORCE.UNIFORM
16
121	33	31	0	1.000000	1.000000	0.000000
113	31	29	0	1.000000	1.000000	0.000000
105	29	27	0	1.000000	1.000000	0.000000
97	27	25	0	1.000000	1.000000	0.000000
89	25	23	0	1.000000	1.000000	0.000000
81	23	21	0	1.000000	1.000000	0.000000
73	21	19	0	1.000000	1.000000	0.000000
65	19	17	0	1.000000	1.000000	0.000000
57	17	15	0	1.000000	1.000000	0.000000
49	15	13	0	1.000000	1.000000	0.000000
41	13	11	0	1.000000	1.000000	0.000000
33	11	9	0	1.000000	1.000000	0.000000
25	9	7	0	1.000000	1.000000	0.000000
17	7	5	0	1.000000	1.000000	0.000000
9	5	3	0	1.000000	1.000000	0.000000
1	3	1	0	1.000000	1.000000	0.000000

%END