%HEADER
Output file created by FEMEP (version April/2023).
'File created by FEMEP program'

%HEADER.ANALYSIS
'plane_stress ISOGEOMETRIC BEZIER_EXTRACTION'

%NODE
60

%NODE.COORD
60
1   -1.000000 0.000000 0.000000
2   -1.000000 0.091747 0.000000
3   -0.965602 0.277632 0.000000
4   -0.892471 0.462356 0.000000
5   -0.780330 0.633883 0.000000
6   -0.633883 0.780330 0.000000
7   -0.462356 0.892471 0.000000
8   -0.277632 0.965602 0.000000
9   -0.091747 1.000000 0.000000
10   0.000000 1.000000 0.000000
11   -1.375000 0.000000 0.000000
12   -1.385588 0.116361 0.000000
13   -1.348116 0.358293 0.000000
14   -1.246330 0.606736 0.000000
15   -1.078988 0.850800 0.000000
16   -0.850800 1.078988 0.000000
17   -0.606736 1.246330 0.000000
18   -0.358293 1.348116 0.000000
19   -0.116361 1.385588 0.000000
20   0.000000 1.375000 0.000000
21   -2.125000 0.000000 0.000000
22   -2.140661 0.255402 0.000000
23   -2.096220 0.720889 0.000000
24   -1.972513 1.135413 0.000000
25   -1.768782 1.487722 0.000000
26   -1.487722 1.768782 0.000000
27   -1.135413 1.972513 0.000000
28   -0.720889 2.096220 0.000000
29   -0.255402 2.140661 0.000000
30   0.000000 2.125000 0.000000
31   -2.875000 0.000000 0.000000
32   -2.883620 0.482004 0.000000
33   -2.837429 1.272651 0.000000
34   -2.726879 1.885274 0.000000
35   -2.551845 2.313100 0.000000
36   -2.313100 2.551845 0.000000
37   -1.885274 2.726879 0.000000
38   -1.272651 2.837429 0.000000
39   -0.482004 2.883620 0.000000
40   0.000000 2.875000 0.000000
41   -3.625000 0.000000 0.000000
42   -3.625000 0.796875 0.000000
43   -3.597656 2.019531 0.000000
44   -3.542969 2.871094 0.000000
45   -3.460938 3.351562 0.000000
46   -3.351562 3.460938 0.000000
47   -2.871094 3.542969 0.000000
48   -2.019531 3.597656 0.000000
49   -0.796875 3.625000 0.000000
50   0.000000 3.625000 0.000000
51   -4.000000 0.000000 0.000000
52   -4.000000 1.000000 0.000000
53   -4.000000 2.500000 0.000000
54   -4.000000 3.500000 0.000000
55   -4.000000 4.000000 0.000000
56   -4.000000 4.000000 0.000000
57   -3.500000 4.000000 0.000000
58   -2.500000 4.000000 0.000000
59   -1.000000 4.000000 0.000000
60   0.000000 4.000000 0.000000

%NODE.WEIGHT
60
1   1.000000
2   0.963388
3   0.908471
4   0.871859
5   0.853553
6   0.853553
7   0.871859
8   0.908471
9   0.963388
10   1.000000
11   1.000000
12   0.972541
13   0.931353
14   0.903894
15   0.890165
16   0.890165
17   0.903894
18   0.931353
19   0.972541
20   1.000000
21   1.000000
22   0.986271
23   0.965677
24   0.951947
25   0.945083
26   0.945083
27   0.951947
28   0.965677
29   0.986271
30   1.000000
31   1.000000
32   0.995424
33   0.988559
34   0.983982
35   0.981694
36   0.981694
37   0.983982
38   0.988559
39   0.995424
40   1.000000
41   1.000000
42   1.000000
43   1.000000
44   1.000000
45   1.000000
46   1.000000
47   1.000000
48   1.000000
49   1.000000
50   1.000000
51   1.000000
52   1.000000
53   1.000000
54   1.000000
55   1.000000
56   1.000000
57   1.000000
58   1.000000
59   1.000000
60   1.000000

%NODE.SUPPORT
12
1   0 1 0 0 0 0
10   1 0 0 0 0 0
11   0 1 0 0 0 0
20   1 0 0 0 0 0
21   0 1 0 0 0 0
30   1 0 0 0 0 0
31   0 1 0 0 0 0
40   1 0 0 0 0 0
41   0 1 0 0 0 0
50   1 0 0 0 0 0
51   0 1 0 0 0 0
60   1 0 0 0 0 0

%MATERIAL
1

%MATERIAL.ISOTROPIC
1
1   100000.0 0.300000

%THICKNESS
1
1   1.000000

%INTEGRATION.ORDER
4
1 1 1 1 1 1 1
2 3 3 1 3 3 1
3 1 1 1 1 1 1
4 3 3 1 3 3 1

%SURFACE
1

%SURFACE.DEGREE
1   2 2

%SURFACE.CTRLNET
1
1  2  3  4  5  6  7  8  9  10  11  12  13  14  15  16  17  18  19  20  21  22  23  24  25  26  27  28  29  30  31  32  33  34  35  36  37  38  39  40  41  42  43  44  45  46  47  48  49  50  51  52  53  54  55  56  57  58  59  60  

%ELEMENT
32

%ELEMENT.ISOGEOMETRIC.BEZIER_EXTRACTION
1   32
1   1 1 4   9   1 2 3 11 12 13 21 22 23
1.0 0.0 0.0 0.0 0.0 0.0 0.0 0.0 0.0
 0.0 1.0 0.5 0.0 0.0 0.0 0.0 0.0 0.0
 0.0 0.0 0.5 0.0 0.0 0.0 0.0 0.0 0.0
 0.0 0.0 0.0 1.0 0.0 0.0 0.5 0.0 0.0
 0.0 0.0 0.0 0.0 1.0 0.5 0.0 0.5 0.25
 0.0 0.0 0.0 0.0 0.0 0.5 0.0 0.0 0.25
 0.0 0.0 0.0 0.0 0.0 0.0 0.5 0.0 0.0
 0.0 0.0 0.0 0.0 0.0 0.0 0.0 0.5 0.25
 0.0 0.0 0.0 0.0 0.0 0.0 0.0 0.0 0.25
2   1 1 4   9   2 3 4 12 13 14 22 23 24
0.5 0.0 0.0 0.0 0.0 0.0 0.0 0.0 0.0
 0.5 1.0 0.5 0.0 0.0 0.0 0.0 0.0 0.0
 0.0 0.0 0.5 0.0 0.0 0.0 0.0 0.0 0.0
 0.0 0.0 0.0 0.5 0.0 0.0 0.25 0.0 0.0
 0.0 0.0 0.0 0.5 1.0 0.5 0.25 0.5 0.25
 0.0 0.0 0.0 0.0 0.0 0.5 0.0 0.0 0.25
 0.0 0.0 0.0 0.0 0.0 0.0 0.25 0.0 0.0
 0.0 0.0 0.0 0.0 0.0 0.0 0.25 0.5 0.25
 0.0 0.0 0.0 0.0 0.0 0.0 0.0 0.0 0.25
3   1 1 4   9   3 4 5 13 14 15 23 24 25
0.5 0.0 0.0 0.0 0.0 0.0 0.0 0.0 0.0
 0.5 1.0 0.5 0.0 0.0 0.0 0.0 0.0 0.0
 0.0 0.0 0.5 0.0 0.0 0.0 0.0 0.0 0.0
 0.0 0.0 0.0 0.5 0.0 0.0 0.25 0.0 0.0
 0.0 0.0 0.0 0.5 1.0 0.5 0.25 0.5 0.25
 0.0 0.0 0.0 0.0 0.0 0.5 0.0 0.0 0.25
 0.0 0.0 0.0 0.0 0.0 0.0 0.25 0.0 0.0
 0.0 0.0 0.0 0.0 0.0 0.0 0.25 0.5 0.25
 0.0 0.0 0.0 0.0 0.0 0.0 0.0 0.0 0.25
4   1 1 4   9   4 5 6 14 15 16 24 25 26
0.5 0.0 0.0 0.0 0.0 0.0 0.0 0.0 0.0
 0.5 1.0 0.5 0.0 0.0 0.0 0.0 0.0 0.0
 0.0 0.0 0.5 0.0 0.0 0.0 0.0 0.0 0.0
 0.0 0.0 0.0 0.5 0.0 0.0 0.25 0.0 0.0
 0.0 0.0 0.0 0.5 1.0 0.5 0.25 0.5 0.25
 0.0 0.0 0.0 0.0 0.0 0.5 0.0 0.0 0.25
 0.0 0.0 0.0 0.0 0.0 0.0 0.25 0.0 0.0
 0.0 0.0 0.0 0.0 0.0 0.0 0.25 0.5 0.25
 0.0 0.0 0.0 0.0 0.0 0.0 0.0 0.0 0.25
5   1 1 4   9   5 6 7 15 16 17 25 26 27
0.5 0.0 0.0 0.0 0.0 0.0 0.0 0.0 0.0
 0.5 1.0 0.5 0.0 0.0 0.0 0.0 0.0 0.0
 0.0 0.0 0.5 0.0 0.0 0.0 0.0 0.0 0.0
 0.0 0.0 0.0 0.5 0.0 0.0 0.25 0.0 0.0
 0.0 0.0 0.0 0.5 1.0 0.5 0.25 0.5 0.25
 0.0 0.0 0.0 0.0 0.0 0.5 0.0 0.0 0.25
 0.0 0.0 0.0 0.0 0.0 0.0 0.25 0.0 0.0
 0.0 0.0 0.0 0.0 0.0 0.0 0.25 0.5 0.25
 0.0 0.0 0.0 0.0 0.0 0.0 0.0 0.0 0.25
6   1 1 4   9   6 7 8 16 17 18 26 27 28
0.5 0.0 0.0 0.0 0.0 0.0 0.0 0.0 0.0
 0.5 1.0 0.5 0.0 0.0 0.0 0.0 0.0 0.0
 0.0 0.0 0.5 0.0 0.0 0.0 0.0 0.0 0.0
 0.0 0.0 0.0 0.5 0.0 0.0 0.25 0.0 0.0
 0.0 0.0 0.0 0.5 1.0 0.5 0.25 0.5 0.25
 0.0 0.0 0.0 0.0 0.0 0.5 0.0 0.0 0.25
 0.0 0.0 0.0 0.0 0.0 0.0 0.25 0.0 0.0
 0.0 0.0 0.0 0.0 0.0 0.0 0.25 0.5 0.25
 0.0 0.0 0.0 0.0 0.0 0.0 0.0 0.0 0.25
7   1 1 4   9   7 8 9 17 18 19 27 28 29
0.5 0.0 0.0 0.0 0.0 0.0 0.0 0.0 0.0
 0.5 1.0 0.5 0.0 0.0 0.0 0.0 0.0 0.0
 0.0 0.0 0.5 0.0 0.0 0.0 0.0 0.0 0.0
 0.0 0.0 0.0 0.5 0.0 0.0 0.25 0.0 0.0
 0.0 0.0 0.0 0.5 1.0 0.5 0.25 0.5 0.25
 0.0 0.0 0.0 0.0 0.0 0.5 0.0 0.0 0.25
 0.0 0.0 0.0 0.0 0.0 0.0 0.25 0.0 0.0
 0.0 0.0 0.0 0.0 0.0 0.0 0.25 0.5 0.25
 0.0 0.0 0.0 0.0 0.0 0.0 0.0 0.0 0.25
8   1 1 4   9   8 9 10 18 19 20 28 29 30
0.5 0.0 0.0 0.0 0.0 0.0 0.0 0.0 0.0
 0.5 1.0 0.0 0.0 0.0 0.0 0.0 0.0 0.0
 0.0 0.0 1.0 0.0 0.0 0.0 0.0 0.0 0.0
 0.0 0.0 0.0 0.5 0.0 0.0 0.25 0.0 0.0
 0.0 0.0 0.0 0.5 1.0 0.0 0.25 0.5 0.0
 0.0 0.0 0.0 0.0 0.0 1.0 0.0 0.0 0.5
 0.0 0.0 0.0 0.0 0.0 0.0 0.25 0.0 0.0
 0.0 0.0 0.0 0.0 0.0 0.0 0.25 0.5 0.0
 0.0 0.0 0.0 0.0 0.0 0.0 0.0 0.0 0.5
9   1 1 4   9   11 12 13 21 22 23 31 32 33
0.5 0.0 0.0 0.0 0.0 0.0 0.0 0.0 0.0
 0.0 0.5 0.25 0.0 0.0 0.0 0.0 0.0 0.0
 0.0 0.0 0.25 0.0 0.0 0.0 0.0 0.0 0.0
 0.5 0.0 0.0 1.0 0.0 0.0 0.5 0.0 0.0
 0.0 0.5 0.25 0.0 1.0 0.5 0.0 0.5 0.25
 0.0 0.0 0.25 0.0 0.0 0.5 0.0 0.0 0.25
 0.0 0.0 0.0 0.0 0.0 0.0 0.5 0.0 0.0
 0.0 0.0 0.0 0.0 0.0 0.0 0.0 0.5 0.25
 0.0 0.0 0.0 0.0 0.0 0.0 0.0 0.0 0.25
10   1 1 4   9   12 13 14 22 23 24 32 33 34
0.25 0.0 0.0 0.0 0.0 0.0 0.0 0.0 0.0
 0.25 0.5 0.25 0.0 0.0 0.0 0.0 0.0 0.0
 0.0 0.0 0.25 0.0 0.0 0.0 0.0 0.0 0.0
 0.25 0.0 0.0 0.5 0.0 0.0 0.25 0.0 0.0
 0.25 0.5 0.25 0.5 1.0 0.5 0.25 0.5 0.25
 0.0 0.0 0.25 0.0 0.0 0.5 0.0 0.0 0.25
 0.0 0.0 0.0 0.0 0.0 0.0 0.25 0.0 0.0
 0.0 0.0 0.0 0.0 0.0 0.0 0.25 0.5 0.25
 0.0 0.0 0.0 0.0 0.0 0.0 0.0 0.0 0.25
11   1 1 4   9   13 14 15 23 24 25 33 34 35
0.25 0.0 0.0 0.0 0.0 0.0 0.0 0.0 0.0
 0.25 0.5 0.25 0.0 0.0 0.0 0.0 0.0 0.0
 0.0 0.0 0.25 0.0 0.0 0.0 0.0 0.0 0.0
 0.25 0.0 0.0 0.5 0.0 0.0 0.25 0.0 0.0
 0.25 0.5 0.25 0.5 1.0 0.5 0.25 0.5 0.25
 0.0 0.0 0.25 0.0 0.0 0.5 0.0 0.0 0.25
 0.0 0.0 0.0 0.0 0.0 0.0 0.25 0.0 0.0
 0.0 0.0 0.0 0.0 0.0 0.0 0.25 0.5 0.25
 0.0 0.0 0.0 0.0 0.0 0.0 0.0 0.0 0.25
12   1 1 4   9   14 15 16 24 25 26 34 35 36
0.25 0.0 0.0 0.0 0.0 0.0 0.0 0.0 0.0
 0.25 0.5 0.25 0.0 0.0 0.0 0.0 0.0 0.0
 0.0 0.0 0.25 0.0 0.0 0.0 0.0 0.0 0.0
 0.25 0.0 0.0 0.5 0.0 0.0 0.25 0.0 0.0
 0.25 0.5 0.25 0.5 1.0 0.5 0.25 0.5 0.25
 0.0 0.0 0.25 0.0 0.0 0.5 0.0 0.0 0.25
 0.0 0.0 0.0 0.0 0.0 0.0 0.25 0.0 0.0
 0.0 0.0 0.0 0.0 0.0 0.0 0.25 0.5 0.25
 0.0 0.0 0.0 0.0 0.0 0.0 0.0 0.0 0.25
13   1 1 4   9   15 16 17 25 26 27 35 36 37
0.25 0.0 0.0 0.0 0.0 0.0 0.0 0.0 0.0
 0.25 0.5 0.25 0.0 0.0 0.0 0.0 0.0 0.0
 0.0 0.0 0.25 0.0 0.0 0.0 0.0 0.0 0.0
 0.25 0.0 0.0 0.5 0.0 0.0 0.25 0.0 0.0
 0.25 0.5 0.25 0.5 1.0 0.5 0.25 0.5 0.25
 0.0 0.0 0.25 0.0 0.0 0.5 0.0 0.0 0.25
 0.0 0.0 0.0 0.0 0.0 0.0 0.25 0.0 0.0
 0.0 0.0 0.0 0.0 0.0 0.0 0.25 0.5 0.25
 0.0 0.0 0.0 0.0 0.0 0.0 0.0 0.0 0.25
14   1 1 4   9   16 17 18 26 27 28 36 37 38
0.25 0.0 0.0 0.0 0.0 0.0 0.0 0.0 0.0
 0.25 0.5 0.25 0.0 0.0 0.0 0.0 0.0 0.0
 0.0 0.0 0.25 0.0 0.0 0.0 0.0 0.0 0.0
 0.25 0.0 0.0 0.5 0.0 0.0 0.25 0.0 0.0
 0.25 0.5 0.25 0.5 1.0 0.5 0.25 0.5 0.25
 0.0 0.0 0.25 0.0 0.0 0.5 0.0 0.0 0.25
 0.0 0.0 0.0 0.0 0.0 0.0 0.25 0.0 0.0
 0.0 0.0 0.0 0.0 0.0 0.0 0.25 0.5 0.25
 0.0 0.0 0.0 0.0 0.0 0.0 0.0 0.0 0.25
15   1 1 4   9   17 18 19 27 28 29 37 38 39
0.25 0.0 0.0 0.0 0.0 0.0 0.0 0.0 0.0
 0.25 0.5 0.25 0.0 0.0 0.0 0.0 0.0 0.0
 0.0 0.0 0.25 0.0 0.0 0.0 0.0 0.0 0.0
 0.25 0.0 0.0 0.5 0.0 0.0 0.25 0.0 0.0
 0.25 0.5 0.25 0.5 1.0 0.5 0.25 0.5 0.25
 0.0 0.0 0.25 0.0 0.0 0.5 0.0 0.0 0.25
 0.0 0.0 0.0 0.0 0.0 0.0 0.25 0.0 0.0
 0.0 0.0 0.0 0.0 0.0 0.0 0.25 0.5 0.25
 0.0 0.0 0.0 0.0 0.0 0.0 0.0 0.0 0.25
16   1 1 4   9   18 19 20 28 29 30 38 39 40
0.25 0.0 0.0 0.0 0.0 0.0 0.0 0.0 0.0
 0.25 0.5 0.0 0.0 0.0 0.0 0.0 0.0 0.0
 0.0 0.0 0.5 0.0 0.0 0.0 0.0 0.0 0.0
 0.25 0.0 0.0 0.5 0.0 0.0 0.25 0.0 0.0
 0.25 0.5 0.0 0.5 1.0 0.0 0.25 0.5 0.0
 0.0 0.0 0.5 0.0 0.0 1.0 0.0 0.0 0.5
 0.0 0.0 0.0 0.0 0.0 0.0 0.25 0.0 0.0
 0.0 0.0 0.0 0.0 0.0 0.0 0.25 0.5 0.0
 0.0 0.0 0.0 0.0 0.0 0.0 0.0 0.0 0.5
17   1 1 4   9   21 22 23 31 32 33 41 42 43
0.5 0.0 0.0 0.0 0.0 0.0 0.0 0.0 0.0
 0.0 0.5 0.25 0.0 0.0 0.0 0.0 0.0 0.0
 0.0 0.0 0.25 0.0 0.0 0.0 0.0 0.0 0.0
 0.5 0.0 0.0 1.0 0.0 0.0 0.5 0.0 0.0
 0.0 0.5 0.25 0.0 1.0 0.5 0.0 0.5 0.25
 0.0 0.0 0.25 0.0 0.0 0.5 0.0 0.0 0.25
 0.0 0.0 0.0 0.0 0.0 0.0 0.5 0.0 0.0
 0.0 0.0 0.0 0.0 0.0 0.0 0.0 0.5 0.25
 0.0 0.0 0.0 0.0 0.0 0.0 0.0 0.0 0.25
18   1 1 4   9   22 23 24 32 33 34 42 43 44
0.25 0.0 0.0 0.0 0.0 0.0 0.0 0.0 0.0
 0.25 0.5 0.25 0.0 0.0 0.0 0.0 0.0 0.0
 0.0 0.0 0.25 0.0 0.0 0.0 0.0 0.0 0.0
 0.25 0.0 0.0 0.5 0.0 0.0 0.25 0.0 0.0
 0.25 0.5 0.25 0.5 1.0 0.5 0.25 0.5 0.25
 0.0 0.0 0.25 0.0 0.0 0.5 0.0 0.0 0.25
 0.0 0.0 0.0 0.0 0.0 0.0 0.25 0.0 0.0
 0.0 0.0 0.0 0.0 0.0 0.0 0.25 0.5 0.25
 0.0 0.0 0.0 0.0 0.0 0.0 0.0 0.0 0.25
19   1 1 4   9   23 24 25 33 34 35 43 44 45
0.25 0.0 0.0 0.0 0.0 0.0 0.0 0.0 0.0
 0.25 0.5 0.25 0.0 0.0 0.0 0.0 0.0 0.0
 0.0 0.0 0.25 0.0 0.0 0.0 0.0 0.0 0.0
 0.25 0.0 0.0 0.5 0.0 0.0 0.25 0.0 0.0
 0.25 0.5 0.25 0.5 1.0 0.5 0.25 0.5 0.25
 0.0 0.0 0.25 0.0 0.0 0.5 0.0 0.0 0.25
 0.0 0.0 0.0 0.0 0.0 0.0 0.25 0.0 0.0
 0.0 0.0 0.0 0.0 0.0 0.0 0.25 0.5 0.25
 0.0 0.0 0.0 0.0 0.0 0.0 0.0 0.0 0.25
20   1 1 4   9   24 25 26 34 35 36 44 45 46
0.25 0.0 0.0 0.0 0.0 0.0 0.0 0.0 0.0
 0.25 0.5 0.25 0.0 0.0 0.0 0.0 0.0 0.0
 0.0 0.0 0.25 0.0 0.0 0.0 0.0 0.0 0.0
 0.25 0.0 0.0 0.5 0.0 0.0 0.25 0.0 0.0
 0.25 0.5 0.25 0.5 1.0 0.5 0.25 0.5 0.25
 0.0 0.0 0.25 0.0 0.0 0.5 0.0 0.0 0.25
 0.0 0.0 0.0 0.0 0.0 0.0 0.25 0.0 0.0
 0.0 0.0 0.0 0.0 0.0 0.0 0.25 0.5 0.25
 0.0 0.0 0.0 0.0 0.0 0.0 0.0 0.0 0.25
21   1 1 4   9   25 26 27 35 36 37 45 46 47
0.25 0.0 0.0 0.0 0.0 0.0 0.0 0.0 0.0
 0.25 0.5 0.25 0.0 0.0 0.0 0.0 0.0 0.0
 0.0 0.0 0.25 0.0 0.0 0.0 0.0 0.0 0.0
 0.25 0.0 0.0 0.5 0.0 0.0 0.25 0.0 0.0
 0.25 0.5 0.25 0.5 1.0 0.5 0.25 0.5 0.25
 0.0 0.0 0.25 0.0 0.0 0.5 0.0 0.0 0.25
 0.0 0.0 0.0 0.0 0.0 0.0 0.25 0.0 0.0
 0.0 0.0 0.0 0.0 0.0 0.0 0.25 0.5 0.25
 0.0 0.0 0.0 0.0 0.0 0.0 0.0 0.0 0.25
22   1 1 4   9   26 27 28 36 37 38 46 47 48
0.25 0.0 0.0 0.0 0.0 0.0 0.0 0.0 0.0
 0.25 0.5 0.25 0.0 0.0 0.0 0.0 0.0 0.0
 0.0 0.0 0.25 0.0 0.0 0.0 0.0 0.0 0.0
 0.25 0.0 0.0 0.5 0.0 0.0 0.25 0.0 0.0
 0.25 0.5 0.25 0.5 1.0 0.5 0.25 0.5 0.25
 0.0 0.0 0.25 0.0 0.0 0.5 0.0 0.0 0.25
 0.0 0.0 0.0 0.0 0.0 0.0 0.25 0.0 0.0
 0.0 0.0 0.0 0.0 0.0 0.0 0.25 0.5 0.25
 0.0 0.0 0.0 0.0 0.0 0.0 0.0 0.0 0.25
23   1 1 4   9   27 28 29 37 38 39 47 48 49
0.25 0.0 0.0 0.0 0.0 0.0 0.0 0.0 0.0
 0.25 0.5 0.25 0.0 0.0 0.0 0.0 0.0 0.0
 0.0 0.0 0.25 0.0 0.0 0.0 0.0 0.0 0.0
 0.25 0.0 0.0 0.5 0.0 0.0 0.25 0.0 0.0
 0.25 0.5 0.25 0.5 1.0 0.5 0.25 0.5 0.25
 0.0 0.0 0.25 0.0 0.0 0.5 0.0 0.0 0.25
 0.0 0.0 0.0 0.0 0.0 0.0 0.25 0.0 0.0
 0.0 0.0 0.0 0.0 0.0 0.0 0.25 0.5 0.25
 0.0 0.0 0.0 0.0 0.0 0.0 0.0 0.0 0.25
24   1 1 4   9   28 29 30 38 39 40 48 49 50
0.25 0.0 0.0 0.0 0.0 0.0 0.0 0.0 0.0
 0.25 0.5 0.0 0.0 0.0 0.0 0.0 0.0 0.0
 0.0 0.0 0.5 0.0 0.0 0.0 0.0 0.0 0.0
 0.25 0.0 0.0 0.5 0.0 0.0 0.25 0.0 0.0
 0.25 0.5 0.0 0.5 1.0 0.0 0.25 0.5 0.0
 0.0 0.0 0.5 0.0 0.0 1.0 0.0 0.0 0.5
 0.0 0.0 0.0 0.0 0.0 0.0 0.25 0.0 0.0
 0.0 0.0 0.0 0.0 0.0 0.0 0.25 0.5 0.0
 0.0 0.0 0.0 0.0 0.0 0.0 0.0 0.0 0.5
25   1 1 4   9   31 32 33 41 42 43 51 52 53
0.5 0.0 0.0 0.0 0.0 0.0 0.0 0.0 0.0
 0.0 0.5 0.25 0.0 0.0 0.0 0.0 0.0 0.0
 0.0 0.0 0.25 0.0 0.0 0.0 0.0 0.0 0.0
 0.5 0.0 0.0 1.0 0.0 0.0 0.0 0.0 0.0
 0.0 0.5 0.25 0.0 1.0 0.5 0.0 0.0 0.0
 0.0 0.0 0.25 0.0 0.0 0.5 0.0 0.0 0.0
 0.0 0.0 0.0 0.0 0.0 0.0 1.0 0.0 0.0
 0.0 0.0 0.0 0.0 0.0 0.0 0.0 1.0 0.5
 0.0 0.0 0.0 0.0 0.0 0.0 0.0 0.0 0.5
26   1 1 4   9   32 33 34 42 43 44 52 53 54
0.25 0.0 0.0 0.0 0.0 0.0 0.0 0.0 0.0
 0.25 0.5 0.25 0.0 0.0 0.0 0.0 0.0 0.0
 0.0 0.0 0.25 0.0 0.0 0.0 0.0 0.0 0.0
 0.25 0.0 0.0 0.5 0.0 0.0 0.0 0.0 0.0
 0.25 0.5 0.25 0.5 1.0 0.5 0.0 0.0 0.0
 0.0 0.0 0.25 0.0 0.0 0.5 0.0 0.0 0.0
 0.0 0.0 0.0 0.0 0.0 0.0 0.5 0.0 0.0
 0.0 0.0 0.0 0.0 0.0 0.0 0.5 1.0 0.5
 0.0 0.0 0.0 0.0 0.0 0.0 0.0 0.0 0.5
27   1 1 4   9   33 34 35 43 44 45 53 54 55
0.25 0.0 0.0 0.0 0.0 0.0 0.0 0.0 0.0
 0.25 0.5 0.25 0.0 0.0 0.0 0.0 0.0 0.0
 0.0 0.0 0.25 0.0 0.0 0.0 0.0 0.0 0.0
 0.25 0.0 0.0 0.5 0.0 0.0 0.0 0.0 0.0
 0.25 0.5 0.25 0.5 1.0 0.5 0.0 0.0 0.0
 0.0 0.0 0.25 0.0 0.0 0.5 0.0 0.0 0.0
 0.0 0.0 0.0 0.0 0.0 0.0 0.5 0.0 0.0
 0.0 0.0 0.0 0.0 0.0 0.0 0.5 1.0 0.5
 0.0 0.0 0.0 0.0 0.0 0.0 0.0 0.0 0.5
28   1 1 4   9   34 35 36 44 45 46 54 55 56
0.25 0.0 0.0 0.0 0.0 0.0 0.0 0.0 0.0
 0.25 0.5 0.25 0.0 0.0 0.0 0.0 0.0 0.0
 0.0 0.0 0.25 0.0 0.0 0.0 0.0 0.0 0.0
 0.25 0.0 0.0 0.5 0.0 0.0 0.0 0.0 0.0
 0.25 0.5 0.25 0.5 1.0 0.5 0.0 0.0 0.0
 0.0 0.0 0.25 0.0 0.0 0.5 0.0 0.0 0.0
 0.0 0.0 0.0 0.0 0.0 0.0 0.5 0.0 0.0
 0.0 0.0 0.0 0.0 0.0 0.0 0.5 1.0 0.5
 0.0 0.0 0.0 0.0 0.0 0.0 0.0 0.0 0.5
29   1 1 4   9   35 36 37 45 46 47 55 56 57
0.25 0.0 0.0 0.0 0.0 0.0 0.0 0.0 0.0
 0.25 0.5 0.25 0.0 0.0 0.0 0.0 0.0 0.0
 0.0 0.0 0.25 0.0 0.0 0.0 0.0 0.0 0.0
 0.25 0.0 0.0 0.5 0.0 0.0 0.0 0.0 0.0
 0.25 0.5 0.25 0.5 1.0 0.5 0.0 0.0 0.0
 0.0 0.0 0.25 0.0 0.0 0.5 0.0 0.0 0.0
 0.0 0.0 0.0 0.0 0.0 0.0 0.5 0.0 0.0
 0.0 0.0 0.0 0.0 0.0 0.0 0.5 1.0 0.5
 0.0 0.0 0.0 0.0 0.0 0.0 0.0 0.0 0.5
30   1 1 4   9   36 37 38 46 47 48 56 57 58
0.25 0.0 0.0 0.0 0.0 0.0 0.0 0.0 0.0
 0.25 0.5 0.25 0.0 0.0 0.0 0.0 0.0 0.0
 0.0 0.0 0.25 0.0 0.0 0.0 0.0 0.0 0.0
 0.25 0.0 0.0 0.5 0.0 0.0 0.0 0.0 0.0
 0.25 0.5 0.25 0.5 1.0 0.5 0.0 0.0 0.0
 0.0 0.0 0.25 0.0 0.0 0.5 0.0 0.0 0.0
 0.0 0.0 0.0 0.0 0.0 0.0 0.5 0.0 0.0
 0.0 0.0 0.0 0.0 0.0 0.0 0.5 1.0 0.5
 0.0 0.0 0.0 0.0 0.0 0.0 0.0 0.0 0.5
31   1 1 4   9   37 38 39 47 48 49 57 58 59
0.25 0.0 0.0 0.0 0.0 0.0 0.0 0.0 0.0
 0.25 0.5 0.25 0.0 0.0 0.0 0.0 0.0 0.0
 0.0 0.0 0.25 0.0 0.0 0.0 0.0 0.0 0.0
 0.25 0.0 0.0 0.5 0.0 0.0 0.0 0.0 0.0
 0.25 0.5 0.25 0.5 1.0 0.5 0.0 0.0 0.0
 0.0 0.0 0.25 0.0 0.0 0.5 0.0 0.0 0.0
 0.0 0.0 0.0 0.0 0.0 0.0 0.5 0.0 0.0
 0.0 0.0 0.0 0.0 0.0 0.0 0.5 1.0 0.5
 0.0 0.0 0.0 0.0 0.0 0.0 0.0 0.0 0.5
32   1 1 4   9   38 39 40 48 49 50 58 59 60
0.25 0.0 0.0 0.0 0.0 0.0 0.0 0.0 0.0
 0.25 0.5 0.0 0.0 0.0 0.0 0.0 0.0 0.0
 0.0 0.0 0.5 0.0 0.0 0.0 0.0 0.0 0.0
 0.25 0.0 0.0 0.5 0.0 0.0 0.0 0.0 0.0
 0.25 0.5 0.0 0.5 1.0 0.0 0.0 0.0 0.0
 0.0 0.0 0.5 0.0 0.0 1.0 0.0 0.0 0.0
 0.0 0.0 0.0 0.0 0.0 0.0 0.5 0.0 0.0
 0.0 0.0 0.0 0.0 0.0 0.0 0.5 1.0 0.0
 0.0 0.0 0.0 0.0 0.0 0.0 0.0 0.0 1.0

%LOAD
1
1	'Load_Case_1'

%LOAD.CASE
1

%LOAD.CASE.LINE.FORCE.UNIFORM
8
25   51 53   0   1.000000 1.000000 0.000000
26   52 54   0   1.000000 1.000000 0.000000
27   53 55   0   1.000000 1.000000 0.000000
28   54 56   0   1.000000 1.000000 0.000000
29   55 57   0   1.000000 1.000000 0.000000
30   56 58   0   1.000000 1.000000 0.000000
31   57 59   0   1.000000 1.000000 0.000000
32   58 60   0   1.000000 1.000000 0.000000

%END