%HEADER
Output file created by FEMEP (version October/2021).
'File created by FEMEP program'

%HEADER.ANALYSIS
'plane_conduction'

%NODE
28

%NODE.COORD
28
1 0.000000 11.000000 0.000000
2 0.000000 10.750000 0.000000
3 0.000000 10.500000 0.000000
4 0.500000 11.000000 0.000000
5 0.500000 10.500000 0.000000
6 1.000000 11.000000 0.000000
7 1.000000 10.750000 0.000000
8 1.000000 10.500000 0.000000
9 1.500000 11.000000 0.000000
10 1.500000 10.500000 0.000000
11 2.000000 11.000000 0.000000
12 2.000000 10.750000 0.000000
13 2.000000 10.500000 0.000000
14 2.500000 11.000000 0.000000
15 2.500000 10.500000 0.000000
16 3.000000 11.000000 0.000000
17 3.000000 10.750000 0.000000
18 3.000000 10.500000 0.000000
19 3.500000 11.000000 0.000000
20 3.500000 10.500000 0.000000
21 4.000000 11.000000 0.000000
22 4.000000 10.750000 0.000000
23 4.000000 10.500000 0.000000
24 4.500000 11.000000 0.000000
25 4.500000 10.500000 0.000000
26 5.000000 11.000000 0.000000
27 5.000000 10.750000 0.000000
28 5.000000 10.500000 0.000000

%MATERIAL
1

%MATERIAL.PROPERTY.THERMAL
1
1 1000.000000 100.000000

%THICKNESS
1
1 0.100000

%INTEGRATION.ORDER
4
1 1 1 1 1 1 1
2 3 3 1 3 3 1
3 1 1 1 1 1 1
4 2 2 1 2 2 1

%ELEMENT
5

%ELEMENT.Q8
5
1 1 1 4 1 2 3 5 8 7 6 4
2 1 1 4 6 7 8 10 13 12 11 9
3 1 1 4 11 12 13 15 18 17 16 14
4 1 1 4 16 17 18 20 23 22 21 19
5 1 1 4 21 22 23 25 28 27 26 24

%LOAD.CASE.NODAL.TEMPERATURE
4
1 300.000000
3 300.000000
26 300.000000
28 300.000000

%LOAD.CASE.AREA.HEAT.FLUX.UNIFORM
5
1	100000.000000
2	100000.000000
3	100000.000000
4	100000.000000
5	100000.000000

%END